234 299
234 239
234 294
277 259
277 249
277 274
282 272
282 294
282 300
282 309
282 310
282 241
297 286
297 311
297 227
297 250
297 300
297 249
297 279
297 269
297 288
297 304
259 249
259 309
259 241
259 272
265 293
265 247
265 249
265 309
265 241
265 272
286 292
286 309
286 278
293 248
293 309
293 298
293 265
292 286
292 309
292 304
244 236
244 234
244 299
244 231
299 236
299 234
299 231
236 234
236 244
248 265
248 240
248 295
248 247
248 278
247 259
247 239
298 259
295 248
295 309
295 298
295 265
295 293
237 259
237 254
237 309
237 310
237 249
231 236
231 234
231 299
231 244
311 286
311 297
311 282
307 239
307 305
307 294
307 272
250 268
250 232
250 269
250 279
250 249
232 250
232 256
232 269
232 268
232 279
256 250
256 232
256 269
256 268
256 279
305 307
305 239
305 294
239 294
239 307
267 286
267 227
267 297
267 311
267 304
267 292
227 297
227 286
227 268
227 269
227 279
227 250
227 282
227 267
227 311
227 257
233 259
233 257
233 277
233 278
233 237
233 249
233 232
233 250
233 268
233 269
238 230
238 294
238 270
230 294
230 238
230 266
230 270
312 283
312 383
284 312
284 301
283 312
283 496
301 283
301 312
301 284
268 269
268 279
268 250
268 232
268 309
268 298
268 295
268 297
268 241
268 259
279 268
279 269
279 250
279 232
279 256
279 309
279 298
279 295
279 227
279 297
269 268
269 279
269 250
269 232
269 298
269 295
269 297
269 241
269 259
262 272
287 272
287 262
272 262
302 355
249 259
249 300
249 250
249 297
249 282
300 259
300 249
300 293
300 250
300 286
300 282
300 297
300 292
300 355
300 302
270 294
270 264
270 230
270 266
270 238
294 238
294 270
294 266
264 294
264 238
264 266
264 270
241 254
241 253
241 272
241 274
253 309
253 241
309 261
309 253
309 274
309 272
274 309
274 310
274 261
274 241
274 253
274 254
254 309
254 310
254 261
254 241
310 253
310 274
310 261
310 309
235 230
235 266
235 238
235 264
235 270
235 294
