234 236
234 299
234 231
277 233
277 259
277 257
282 300
282 311
282 302
297 227
297 286
297 304
259 265
259 237
259 233
265 295
265 293
265 237
286 304
286 297
293 248
293 298
293 265
292 286
292 304
292 297
244 236
244 234
244 299
299 236
299 234
299 231
236 234
236 299
236 231
248 295
248 298
248 247
247 240
247 248
247 265
298 248
298 295
298 247
295 298
295 265
237 259
237 277
237 233
231 236
231 234
231 299
311 267
311 286
311 282
307 239
307 305
250 249
250 232
250 268
232 250
232 256
256 250
256 232
305 307
305 239
239 307
239 305
267 286
267 227
267 304
227 297
227 267
227 282
233 257
233 277
238 230
238 235
238 264
230 235
230 238
230 294
312 496
312 283
312 284
284 283
284 312
284 301
283 284
283 312
283 301
301 312
301 283
301 284
268 269
268 279
268 250
279 268
279 269
279 250
269 268
269 279
269 298
262 272
262 287
287 272
287 262
272 262
272 287
302 278
302 250
302 288
249 250
249 300
249 302
300 249
300 302
300 282
270 294
270 264
270 266
294 266
294 270
294 264
264 235
264 238
264 294
241 309
241 310
241 261
253 254
309 310
309 241
309 254
274 254
274 309
254 253
254 309
254 310
310 309
310 241
310 254
235 230
235 266
235 238
