234 236
234 299
234 231
234 239
234 294
234 238
234 244
234 261
234 241
234 266
277 249
277 237
277 259
277 302
277 278
277 288
277 296
277 300
277 227
277 233
277 250
277 257
277 258
282 227
282 311
282 267
282 300
282 302
282 249
282 258
282 297
297 227
297 311
297 286
297 267
297 268
297 295
297 282
297 298
297 302
297 234
297 304
297 250
297 309
297 249
297 279
297 269
297 288
297 247
259 274
259 277
259 278
259 288
259 229
259 232
259 233
259 237
259 241
259 247
259 248
259 249
259 250
259 256
259 257
259 258
259 262
259 265
259 309
259 292
265 295
265 293
265 247
265 274
265 277
265 278
265 288
265 229
265 232
265 233
265 237
265 241
265 247
265 248
265 249
265 250
265 256
265 309
265 292
286 304
286 292
286 297
286 267
286 311
286 248
286 227
293 278
293 248
293 309
293 265
293 298
292 286
292 304
292 297
292 267
292 311
292 227
292 293
244 236
244 234
244 299
244 231
299 236
299 234
299 231
299 294
299 238
299 239
299 244
299 266
299 270
236 234
236 299
236 231
236 239
236 294
236 238
236 244
236 261
236 241
236 266
248 265
248 240
248 295
248 255
248 260
248 288
248 278
248 275
248 296
248 298
248 229
248 258
248 247
247 265
247 240
247 248
247 295
247 255
247 260
247 288
247 278
247 275
247 296
247 298
247 229
247 258
298 265
298 295
298 255
298 260
298 288
298 278
298 275
298 296
298 248
298 229
298 258
295 248
295 278
295 309
295 265
295 298
295 293
237 233
237 257
237 259
237 277
237 249
237 250
237 265
237 247
237 267
237 232
231 236
231 234
231 299
231 244
231 239
231 266
231 270
311 286
311 297
311 282
311 274
311 227
311 267
311 304
307 239
307 305
307 274
307 278
307 287
307 294
307 297
307 298
307 496
307 304
250 249
250 232
250 256
250 269
250 268
250 279
250 239
232 250
232 256
232 268
232 269
232 279
232 298
232 239
256 250
256 232
256 268
256 269
256 279
256 298
256 239
305 239
305 307
239 307
239 249
239 232
239 268
267 286
267 227
267 304
267 311
267 297
267 292
267 282
227 297
227 282
227 267
227 311
227 268
227 269
227 279
227 286
227 302
227 250
227 247
227 309
227 298
227 296
227 234
227 257
227 244
227 293
227 292
227 288
233 229
233 232
233 227
233 237
233 249
233 250
233 257
233 256
233 259
233 265
233 266
233 268
233 269
233 272
233 274
233 275
233 277
233 278
233 279
233 293
238 230
238 270
238 235
238 294
238 266
238 264
230 238
230 270
230 235
230 294
230 266
230 264
312 230
312 231
312 234
312 235
312 238
312 240
312 245
312 246
312 247
312 253
312 254
312 264
312 276
312 283
312 284
312 294
312 299
312 287
312 301
312 309
284 283
284 301
284 312
284 276
284 279
284 294
284 255
284 265
284 266
284 274
284 275
284 278
284 287
284 296
284 299
284 300
284 302
284 305
284 307
284 311
283 284
283 496
283 312
283 276
283 279
283 294
283 255
283 265
283 266
283 274
283 275
283 278
283 287
283 296
283 299
283 300
283 302
283 305
283 307
283 311
301 276
301 279
301 283
301 294
301 312
301 255
301 258
301 265
301 266
301 274
301 275
301 278
301 287
301 296
301 299
301 300
301 302
301 305
301 307
301 311
268 295
268 296
268 297
268 298
268 302
268 309
268 311
268 257
268 256
268 250
268 244
268 247
268 241
268 236
268 234
268 233
268 227
268 293
268 292
268 288
279 268
279 269
279 232
279 298
279 227
279 234
279 236
279 244
279 250
279 256
279 310
279 309
279 299
279 297
279 295
279 286
279 274
279 231
279 241
279 233
269 227
269 233
269 234
269 236
269 241
269 244
269 247
269 250
269 256
269 257
269 311
269 309
269 302
269 298
269 297
269 296
269 295
269 293
269 292
269 288
262 272
262 287
287 272
287 262
272 262
272 287
302 233
302 234
302 274
302 288
302 278
302 250
249 297
249 292
249 286
249 258
249 302
249 259
249 288
249 304
249 239
249 274
249 256
249 257
249 282
300 239
300 250
300 286
300 292
300 293
300 297
300 258
300 259
300 265
300 278
300 298
300 304
300 301
300 288
300 274
300 234
300 233
300 237
300 256
300 257
270 266
270 264
270 294
270 235
270 238
270 230
294 266
294 264
294 270
294 235
294 238
294 230
264 238
264 270
264 235
264 294
264 266
264 230
241 309
241 310
241 254
241 253
241 261
241 274
241 272
241 262
241 292
241 259
241 233
253 254
253 309
253 310
253 241
253 261
253 274
309 310
309 241
309 254
309 253
309 261
309 274
309 272
309 262
309 259
309 233
309 287
309 292
309 286
309 295
309 265
274 239
274 241
274 250
274 253
274 254
274 261
274 262
274 259
274 265
274 269
274 272
274 278
274 287
274 296
274 309
274 307
274 310
274 305
274 302
274 292
254 253
254 261
254 241
254 309
254 310
254 274
310 309
310 241
310 253
310 254
310 261
310 274
235 266
235 264
235 294
235 230
235 238
235 270
