6017 6001
6017 6014
6017 6024
6017 6013
6017 6006
6017 6007
6017 6008
6011 6001
6011 6003
6011 6004
6011 6005
6011 6006
6011 6007
6011 6008
6011 6012
6011 6013
6011 6014
6011 6015
6011 6017
6011 6018
6011 6020
6011 6021
6011 6023
6011 6024
6011 6025
6011 6026
6011 6027
6011 6029
6011 6030
6011 6032
6025 6001
6025 6003
6025 6004
6025 6005
6025 6006
6025 6007
6025 6008
6025 6010
6025 6011
6025 6012
6025 6013
6025 6014
6025 6015
6025 6016
6025 6017
6025 6018
6025 6030
6025 6019
6025 6020
6025 6021
6025 6023
6025 6026
6025 6032
6027 6029
6027 6004
6027 6006
6027 6011
6027 6017
6027 6013
6027 6007
6027 6032
6027 6030
6027 6001
6032 6001
6032 6003
6032 6004
6032 6005
6032 6006
6032 6007
6032 6008
6032 6010
6032 6011
6032 6012
6032 6013
6032 6014
6032 6015
6032 6016
6032 6017
6032 6018
6032 6019
6032 6020
6032 6021
6032 6023
6032 6024
6032 6025
6032 6026
6032 6027
6032 6029
6032 6030
6032 6032
6032 6033
6007 6001
6007 6003
6007 6004
6007 6006
6007 6008
6007 6011
6007 6012
6007 6013
6007 6014
6007 6016
6007 6017
6007 6018
6007 6020
6007 6021
6007 6023
6007 6024
6007 6025
6007 6026
6007 6027
6007 6029
6007 6030
6007 6032
6006 6001
6006 6003
6006 6004
6006 6008
6006 6012
6006 6014
6006 6018
6006 6030
6006 6020
6006 6021
6006 6023
6006 6024
6006 6025
6006 6029
