3012 3002
3012 3003
3012 3008
3012 3009
3012 3011
3012 3013
3012 3014
3012 3015
3012 3017
3008 3002
3008 3003
3008 3009
3008 3012
3008 3013
3008 3014
3008 3015
3008 3017
3009 3002
3009 3003
3009 3008
3009 3010
3009 3012
3009 3013
3009 3014
3009 3015
3009 3017
3002 3003
3002 3004
3002 3005
3002 3006
3002 3008
3002 3010
3002 3011
3002 3012
3002 3013
3002 3014
3002 3015
3002 3016
3002 3017
3002 3020
3002 3021
3002 3022
3017 3002
3017 3003
3017 3008
3017 3009
3017 3010
3017 3011
3017 3012
3017 3022
3015 3002
3015 3003
3015 3008
3015 3009
3015 3010
3015 3011
3015 3013
3015 3014
3015 3017
3014 3002
3014 3003
3014 3008
3014 3009
3014 3010
3014 3011
3014 3013
3014 3015
3014 3017
3014 3022
3011 3002
3011 3003
3011 3004
3011 3005
3011 3006
3011 3008
3011 3009
3011 3010
3011 3012
3011 3016
3011 3021
3022 3008
3022 3009
3022 3010
3022 3011
3022 3012
3022 3013
3022 3014
3022 3015
3022 3017
