4042 99999
4021 4003
4021 4004
4021 4007
4021 4015
4021 4020
4021 4046
4020 4007
4020 4021
4020 4030
4020 4046
4020 4047
4020 4054
4022 4015
4022 4046
4025 4020
4025 4033
4025 4045
4025 4052
4025 4057
4025 4058
4052 4007
4052 4020
4052 4021
4052 4046
4052 4053
4052 4054
4057 99999
4047 4064
4047 4046
4047 4037
4047 4033
4047 4029
4047 4021
4047 4020
4047 4015
4047 4008
4047 4007
4029 4007
4029 4008
4029 4015
4029 4021
4029 4022
4029 4037
4029 4046
4029 4047
4029 4048
4029 4064
4045 4004
4045 4006
4045 4017
4045 4020
4045 4021
4045 4040
4045 4042
4045 4053
4045 4054
4037 4047
4037 4046
4037 4029
4037 4022
4037 4015
4037 4007
4037 4008
4017 4004
4017 4020
4007 4003
4007 4046
4015 4003
4015 4007
4015 4008
4008 4003
4008 4015
4008 4021
4008 4046
4033 4003
4033 4004
4033 4020
4033 4046
4053 4004
4053 4017
4053 4020
4053 4042
4053 4045
4053 4054
4004 4007
4004 4017
4004 4020
4004 4021
4004 4033
4004 4042
4004 4045
4004 4053
4004 4054
4048 4003
4048 4030
4048 4041
4048 4043
4048 4046
4048 4060
4048 4064
4054 4033
4054 4020
4054 4004
4064 4047
4064 4046
4030 4046
4030 4047
4026 4003
4026 4020
4026 4046
4041 4022
4041 4046
4006 4021
4006 4046
4060 4046
4046 4003
4046 4015
4046 4020
4046 4047
4043 4046
4043 4064
4043 4060
