3113 3123
3113 3124
3113 3140
3113 3154
3122 3091
3122 3100
3122 3107
3122 3115
3123 3090
3123 3113
3123 3124
3123 3140
3123 3154
3090 3112
3090 3119
3090 3123
3090 3154
3124 3123
3124 3140
3124 3154
3100 3091
3100 3093
3100 3107
3100 3117
3140 3113
3140 3123
3140 3124
3140 3154
3074 3078
3074 3082
3074 3090
3074 3092
3107 3091
3107 3100
3107 3115
3107 3117
3083 3071
3083 3072
3083 3106
3091 3093
3091 3100
3091 3107
3091 3117
3112 3082
3112 3107
3112 3158
3082 3078
3082 3112
3082 3158
3158 3078
3158 3082
3158 3082
3158 3112
3158 3122
3078 3074
3078 3082
3078 3090
3078 3092
3115 3091
3115 3100
3115 3107
3115 3119
3115 3158
3092 3005
3092 3022
3092 3074
3092 3078
3092 3082
3092 3090
3154 3090
3154 3113
3154 3123
3154 3124
3154 3140
3119 3086
3119 3093
3013 3027
3013 3067
3086 3079
3086 3097
3086 3119
3153 3086
3153 3097
3153 3113
3153 3129
3153 3130
3153 3151
3032 3035
3032 3036
3032 3041
3032 3047
3032 3063
3032 3093
3139 3035
3139 3037
3139 3047
3139 3140
3047 3032
3047 3035
3047 3036
3047 3041
3047 3063
3035 3032
3035 3041
3035 3047
3035 3063
3035 3139
3036 3032
3036 3035
3036 3036
3036 3041
3036 3047
3036 3093
3004 3002
3004 3003
3004 3005
3004 3011
3004 3018
3004 3039
3004 3056
3015 3003
3015 3004
3015 3005
3015 3011
3015 3018
3015 3033
3015 3038
3015 3039
3015 3057
3015 3058
3015 3066
3058 3003
3058 3004
3058 3005
3058 3015
3058 3018
3058 3033
3058 3038
3058 3039
3058 3056
3058 3066
3033 3003
3033 3005
3033 3011
3033 3018
3033 3022
3033 3026
3033 3038
3033 3039
3033 3056
3033 3058
3033 3066
3018 3004
3018 3005
3018 3015
3018 3033
3018 3039
3005 3003
3005 3004
3005 3007
3005 3011
3005 3015
3005 3018
3005 3022
3005 3026
3005 3033
3005 3038
3005 3039
3005 3056
3005 3058
3005 3066
3038 3003
3038 3011
3038 3026
3038 3039
3038 3066
3012 3001
3012 3007
3001 99999
3007 3001
3007 3005
3007 3012
3026 3011
3026 3022
3039 3003
3039 3004
3039 3005
3039 3018
3039 3007
3039 3011
3039 3015
3039 3022
3039 3026
3039 3027
3039 3033
3039 3034
3039 3038
3039 3056
3039 3058
3039 3066
3055 3028
3055 3044
3055 3064
3055 3070
3055 3071
3044 3002
3044 3028
3044 3051
3044 3055
3044 3064
3044 3070
3070 3028
3070 3044
3070 3051
3070 3057
3070 3064
3030 3014
3030 3025
3030 3048
3030 3050
3030 3062
3057 3015
3057 3028
3057 3051
3057 3064
3057 3070
3028 3044
3028 3051
3028 3055
3028 3064
3028 3070
3062 3030
3062 3050
3062 3048
3062 3094
3062 3150
3006 3001
3006 3014
3006 3021
3006 3025
3006 3030
3006 3037
3006 3040
3006 3048
3006 3050
3006 3062
3006 3069
3048 3014
3048 3037
3048 3040
3048 3052
3048 3050
3048 3062
3014 99999
3059 3006
3059 3025
3059 3030
3059 3048
3059 3050
3059 3052
3059 3062
3059 3069
3150 3006
3150 3030
3150 3062
3150 3094
3003 3005
3003 3011
3003 3015
3003 3033
3003 3038
3003 3039
3003 3056
3003 3058
3056 99999
3011 3003
3011 3038
3011 3039
3132 3004
3132 3005
3132 3011
3132 3066
3051 3070
3051 3064
3051 3057
3051 3044
3051 3028
3064 3051
3064 3057
3064 3070
3002 3001
3002 3044
3151 3129
3151 3130
3151 3153
3129 3130
3129 3151
3129 3153
3094 3030
3094 3050
3094 3062
3094 3150
