28 41
28 42
28 53
28 55
28 65
41 28
41 42
41 53
41 55
41 65
61 9
61 10
61 51
61 59
61 80
61 81
9 10
9 51
9 59
9 61
9 80
9 81
3 5
3 12
3 66
59 80
59 81
59 9
59 51
59 61
25 3
25 18
25 25
25 31
25 37
84 11
84 15
84 18
84 24
84 33
84 38
84 45
42 28
42 41
42 53
42 55
42 65
65 28
65 41
65 42
65 53
65 55
39 5
39 10
39 12
39 23
39 66
66 39
66 5
66 12
66 31
5 39
5 66
5 12
5 23
5 31
31 5
32 40
48 76
48 82
48 2
48 26
48 2
23 39
23 40
23 5
23 10
23 12
23 31
10 9
10 23
10 39
10 51
10 59
10 61
10 80
58 49
58 56
58 62
56 49
56 58
56 62
56 14
56 26
24 11
24 15
24 18
24 33
24 38
24 45
24 84
11 38
11 15
11 18
11 24
11 33
40 32
45 38
18 38
18 11
18 15
18 24
18 33
33 38
33 11
33 15
33 18
33 24
51 9
51 10
51 59
85 69
38 45
38 11
38 18
38 24
38 33
