30 16
30 11
30 20
30 28
30 30
30 41
30 70
30 74
30 91
16 30
16 15
16 28
16 29
16 41
16 62
16 69
13 54
13 29
13 27
13 6
13 26
78 89
78 73
78 68
78 50
78 28
41 16
41 62
41 69
15 79
15 70
15 2
15 3
62 69
62 41
62 16
62 16
47 58
47 52
47 21
47 9
47 6
47 2
21 47
21 58
21 9
58 44
58 47
58 9
58 21
9 21
9 47
9 52
9 58
9 72
72 50
72 9
72 75
72 73
72 78
50 72
50 78
50 9
50 75
50 29
29 7
29 13
29 54
45 7
45 8
45 27
45 76
45 83
59 19
59 26
59 14
59 56
26 14
26 19
26 56
26 59
19 59
19 26
19 14
19 56
79 15
79 70
79 2
79 3
69 41
69 62
69 16
69 30
6 47
2 6
2 76
8 7
8 27
8 45
8 76
8 83
76 83
76 45
76 7
76 8
76 27
83 27
83 8
83 76
83 45
27 7
27 8
27 45
27 83
27 76
7 27
7 45
89 50
89 68
89 71
89 72
89 78
89 89
56 26
56 19
56 59
56 14
60 23
60 51
60 52
60 65
80 91
80 63
80 49
80 38
80 4
80 10
80 11
80 24
80 30
4 80
4 91
4 38
4 49
4 63
4 6
4 10
4 11
4 21
4 24
49 4
49 10
49 24
49 30
49 38
49 74
49 79
49 80
49 91
38 4
38 10
38 11
38 80
38 91
24 2
24 4
24 10
24 11
24 30
24 38
24 49
24 63
24 74
24 80
24 91
74 20
74 30
74 40
74 49
74 50
74 51
74 70
74 82
74 89
74 91
63 2
63 1
63 3
63 4
63 7
