28 2
28 10
28 11
28 12
28 14
28 18
28 21
28 22
28 24
28 25
28 27
28 31
28 38
28 40
28 41
28 42
28 53
28 55
28 65
41 2
41 10
41 14
41 18
41 21
41 22
41 23
41 24
41 25
41 26
41 30
41 31
41 32
41 35
41 36
41 37
41 38
41 39
41 40
41 48
41 49
41 51
41 59
41 61
41 69
41 82
61 9
61 10
61 23
61 25
61 31
61 32
61 51
61 59
61 80
61 81
9 2
9 3
9 5
9 6
9 10
9 11
9 12
9 14
9 15
9 18
9 21
9 22
9 23
9 24
9 25
9 26
9 27
9 28
9 30
9 31
9 32
9 33
9 35
9 36
9 37
9 38
9 39
9 40
9 41
9 42
9 45
9 48
9 49
9 51
9 53
9 55
9 56
9 58
9 59
9 61
9 62
9 65
9 66
9 67
9 69
9 72
9 75
9 76
9 79
9 80
9 81
9 82
9 84
9 85
3 2
3 3
3 6
3 9
3 10
3 11
3 14
3 15
3 18
3 21
3 22
3 23
3 24
3 25
3 28
3 30
3 31
3 32
3 33
3 35
3 38
3 39
3 40
3 42
3 45
3 49
3 53
3 56
3 61
3 76
3 80
3 81
3 84
59 2
59 3
59 5
59 6
59 9
59 10
59 11
59 12
59 14
59 15
59 18
59 21
59 22
59 23
59 24
59 25
59 26
59 27
59 28
59 30
59 31
59 32
59 33
59 36
59 37
59 38
59 39
59 40
59 41
59 42
59 45
59 48
59 49
59 51
59 53
59 55
59 56
59 58
59 61
59 62
59 65
59 66
59 67
59 69
59 72
59 75
59 76
59 79
59 80
59 81
59 82
59 84
59 85
25 3
25 5
25 10
25 11
25 12
25 15
25 18
25 22
25 23
25 24
25 28
25 30
25 31
25 32
25 33
25 35
25 37
25 38
25 39
25 40
25 41
25 42
25 45
25 49
25 51
25 53
25 59
25 61
25 66
25 84
25 85
84 11
84 15
84 18
84 22
84 24
84 25
84 33
84 38
84 39
84 40
84 45
84 51
84 53
42 28
42 31
42 35
42 36
42 40
42 49
42 53
65 76
65 2
65 31
65 35
65 36
65 38
65 40
65 49
39 5
39 6
39 9
39 10
39 12
39 14
39 15
39 28
39 31
39 32
39 37
39 38
39 40
39 45
39 53
39 55
39 56
39 58
39 61
39 66
66 3
66 5
66 12
66 23
66 25
66 31
66 32
66 39
66 40
66 45
5 3
5 11
5 12
5 23
5 24
5 25
5 31
5 32
5 39
5 40
5 45
5 66
31 3
31 5
31 12
31 23
31 25
31 32
31 39
31 40
31 53
31 66
32 23
32 31
32 33
32 38
32 39
32 45
32 66
48 14
48 21
48 27
48 36
48 37
48 38
48 41
48 42
48 49
48 53
48 58
48 75
23 5
23 10
23 12
23 31
23 39
23 40
23 66
10 99999
58 2
58 14
58 26
58 27
58 36
58 41
58 42
58 45
58 48
58 51
58 55
58 59
58 61
58 67
58 75
58 76
58 82
56 2
56 27
56 36
56 38
56 41
56 42
56 48
56 61
56 67
56 72
56 75
56 76
56 80
56 81
56 82
24 3
24 5
24 12
11 5
11 12
11 15
11 18
11 24
11 25
11 31
11 32
11 33
11 38
11 45
40 12
40 15
40 18
40 23
40 25
40 28
40 31
40 35
40 36
40 37
40 38
40 39
40 53
40 66
45 3
45 11
45 15
45 18
45 24
45 25
45 32
45 33
45 84
45 38
45 40
45 62
45 66
18 3
18 5
18 11
18 12
18 24
18 25
18 28
18 31
18 32
18 38
18 40
18 45
18 53
18 84
33 3
33 11
33 12
33 15
33 18
33 24
33 25
33 28
33 32
33 38
33 45
33 53
51 99999
85 80
85 81
38 5
38 11
38 15
38 18
38 24
38 32
38 33
38 45
38 53
38 65
38 84
