38
[  4.51127820e-01   0.00000000e+00   1.00000000e+00   3.98496241e-01
   6.01503759e-01   1.12781955e-01   1.00000000e+00   1.00000000e+00
   1.00000000e+00   7.81954887e-01   3.00751880e-02   0.00000000e+00
   5.78947368e-01   5.18796992e-01   3.75939850e-02   3.00751880e-02
   0.00000000e+00   0.00000000e+00   0.00000000e+00   0.00000000e+00
   0.00000000e+00   0.00000000e+00   0.00000000e+00   0.00000000e+00
   0.00000000e+00   0.00000000e+00   0.00000000e+00   0.00000000e+00
   7.51879699e-03   2.25563910e-02  -1.08420217e-18  -1.08420217e-18
   2.25563910e-02   9.77443609e-02  -2.16840434e-18   1.50375940e-02
  -1.08420217e-18   7.51879699e-03  -1.08420217e-18  -1.73472348e-18
   7.51879699e-03  -1.08420217e-18   1.50375940e-02  -1.08420217e-18
  -1.08420217e-18   1.50375940e-02   7.51879699e-03   3.75939850e-02
  -1.73472348e-18  -1.08420217e-18  -4.33680869e-18  -1.08420217e-18
  -1.08420217e-18  -1.08420217e-18   1.50375940e-02  -2.16840434e-18
  -1.04083409e-17  -1.08420217e-18   7.51879699e-03  -3.46944695e-18
   2.25563910e-02  -1.08420217e-18  -1.08420217e-18  -2.16840434e-18
  -2.16840434e-18  -2.16840434e-18  -2.16840434e-18  -1.73472348e-18
  -1.08420217e-18  -2.16840434e-18   7.51879699e-03   1.50375940e-02
  -1.08420217e-18  -1.08420217e-18  -1.73472348e-18  -1.08420217e-18
  -1.08420217e-18  -1.08420217e-18  -2.16840434e-18   7.51879699e-03
  -2.16840434e-18  -1.73472348e-18  -1.08420217e-18  -1.08420217e-18
  -1.08420217e-18   7.51879699e-03  -1.08420217e-18   1.50375940e-02
  -1.73472348e-18  -3.46944695e-18  -2.16840434e-18  -1.08420217e-18
  -1.08420217e-18  -1.08420217e-18  -4.33680869e-18  -1.08420217e-18
  -2.08166817e-17  -1.08420217e-18  -1.08420217e-18  -1.08420217e-18
  -2.16840434e-18   1.50375940e-02  -1.38777878e-17  -1.08420217e-18
  -1.38777878e-17  -3.46944695e-18   2.25563910e-02  -1.08420217e-18
  -2.16840434e-18   3.00751880e-02   3.75939850e-02   3.00751880e-02
   2.25563910e-02   7.51879699e-03   6.01503759e-02  -1.08420217e-18
  -1.08420217e-18  -1.08420217e-18   7.51879699e-03  -2.16840434e-18
  -1.73472348e-18   7.51879699e-03   1.50375940e-02  -3.46944695e-18
  -2.16840434e-18  -8.67361738e-18  -4.33680869e-18  -2.16840434e-18
   1.50375940e-02   7.51879699e-03  -1.08420217e-18  -1.08420217e-18
   1.50375940e-02  -1.08420217e-18  -5.20417043e-18  -1.08420217e-18
   6.76691729e-02  -3.46944695e-18   7.51879699e-03   7.51879699e-03
   1.50375940e-02  -1.08420217e-18   1.50375940e-02  -1.08420217e-18
  -1.08420217e-18   2.25563910e-02  -1.08420217e-18   7.51879699e-03
  -6.93889390e-18  -2.16840434e-18  -1.08420217e-18  -1.08420217e-18
   7.51879699e-03   7.51879699e-03  -2.16840434e-18  -1.08420217e-18
  -3.46944695e-18  -1.08420217e-18   1.50375940e-02  -1.08420217e-18
   1.50375940e-02   7.51879699e-03   2.25563910e-02   3.75939850e-02
  -5.20417043e-18  -1.08420217e-18  -2.16840434e-18  -2.16840434e-18
   3.00751880e-02  -4.33680869e-18   1.50375940e-02   7.51879699e-03
   1.50375940e-02  -1.73472348e-18  -1.08420217e-18  -2.16840434e-18
  -1.08420217e-18   7.51879699e-03  -1.08420217e-18  -1.08420217e-18
  -2.16840434e-18  -2.16840434e-18  -1.08420217e-18   1.50375940e-02
  -1.08420217e-18   7.51879699e-03  -1.66533454e-16   1.00000000e+00
  -3.46944695e-18  -3.46944695e-18  -3.46944695e-18   1.50375940e-01
  -1.08420217e-18  -3.46944695e-18  -3.46944695e-18  -2.77555756e-17
  -3.46944695e-18  -1.38777878e-17  -2.08166817e-17  -1.38777878e-17
  -9.71445147e-17  -4.16333634e-17   4.44089210e-16   7.21644966e-16
   8.49624060e-01  -2.16840434e-18   1.00000000e+00   1.00000000e+00
  -1.08420217e-18  -1.73472348e-18  -1.38777878e-17  -1.08420217e-18
  -2.16840434e-18  -5.20417043e-18  -9.02056208e-17  -3.46944695e-18
  -4.33680869e-18   7.51879699e-03   1.50375940e-02  -1.04083409e-17
   1.50375940e-02  -6.93889390e-18   5.26315789e-02   3.75939850e-02
   7.51879699e-03   7.51879699e-03   8.27067669e-02   3.38345865e-01
   4.36090226e-01   7.51879699e-03  -2.77555756e-17   7.51879699e-03
   1.27819549e-01   1.27819549e-01   3.75939850e-02   3.75939850e-02
   3.00751880e-02   2.25563910e-02   4.51127820e-02   7.51879699e-03
   3.75939850e-02   7.51879699e-03   7.51879699e-02   2.25563910e-02
   3.00751880e-02   9.02255639e-02  -1.73472348e-18   6.76691729e-02
   2.18045113e-01  -3.46944695e-18   2.22044605e-16  -2.77555756e-16
   1.00000000e+00  -1.11022302e-16   1.66533454e-16  -2.77555756e-16
   1.00000000e+00]
[  1.33226763e-15   0.00000000e+00   1.00000000e+00   9.58904110e-02
   2.51141553e-01   2.28310502e-02   1.00000000e+00   1.00000000e+00
   1.00000000e+00   7.21461187e-01   1.24900090e-16   0.00000000e+00
   1.00000000e+00   9.45205479e-01   5.47945205e-02   1.24900090e-16
   0.00000000e+00   0.00000000e+00   0.00000000e+00   0.00000000e+00
   0.00000000e+00   0.00000000e+00   0.00000000e+00   0.00000000e+00
   0.00000000e+00   0.00000000e+00   0.00000000e+00   0.00000000e+00
   3.79470760e-18   1.82648402e-02   4.56621005e-03   3.79470760e-18
   4.56621005e-03   1.00456621e-01   7.58941521e-18   9.13242009e-03
   3.79470760e-18   3.79470760e-18   3.79470760e-18  -4.33680869e-19
   9.13242009e-03   3.79470760e-18   9.13242009e-03   3.79470760e-18
   3.79470760e-18   9.13242009e-03   1.36986301e-02   4.10958904e-02
   4.56621005e-03   3.79470760e-18   4.56621005e-03   4.56621005e-03
   3.79470760e-18   3.79470760e-18  -8.67361738e-19   4.56621005e-03
   9.13242009e-03   4.56621005e-03  -4.33680869e-19   4.56621005e-03
   2.28310502e-02   3.79470760e-18   3.79470760e-18   7.58941521e-18
   4.56621005e-03   4.56621005e-03   9.13242009e-03  -4.33680869e-19
   3.79470760e-18   7.58941521e-18   1.36986301e-02   4.56621005e-03
   3.79470760e-18   3.79470760e-18  -4.33680869e-19   3.79470760e-18
   4.56621005e-03   4.56621005e-03   7.58941521e-18   9.13242009e-03
   4.56621005e-03  -4.33680869e-19   3.79470760e-18   4.56621005e-03
   4.56621005e-03   1.82648402e-02   4.56621005e-03   1.36986301e-02
  -4.33680869e-19   4.56621005e-03   4.56621005e-03   3.79470760e-18
   4.56621005e-03   3.79470760e-18   4.56621005e-03   3.79470760e-18
   4.16333634e-17   3.79470760e-18   3.79470760e-18   3.79470760e-18
   4.56621005e-03   2.73972603e-02   1.12757026e-17   4.56621005e-03
   4.56621005e-03   9.13242009e-03   9.13242009e-03   3.79470760e-18
   7.58941521e-18   2.73972603e-02   2.28310502e-02   9.13242009e-03
   1.36986301e-02   4.56621005e-03   2.73972603e-02   3.79470760e-18
   3.79470760e-18   3.79470760e-18   9.13242009e-03   7.58941521e-18
   4.56621005e-03  -4.16333634e-17   9.13242009e-03   9.13242009e-03
   7.58941521e-18   3.03576608e-17   4.56621005e-03   7.58941521e-18
  -2.08166817e-17   2.28310502e-02   3.79470760e-18   3.79470760e-18
   1.82648402e-02   4.56621005e-03   4.56621005e-03   3.79470760e-18
   9.58904110e-02  -2.08166817e-17   3.79470760e-18   3.79470760e-18
  -4.33680869e-19   3.79470760e-18   3.19634703e-02   4.56621005e-03
   3.79470760e-18   9.13242009e-03   3.79470760e-18   9.13242009e-03
   9.13242009e-03   4.56621005e-03   3.79470760e-18   4.56621005e-03
   4.56621005e-03   3.79470760e-18   7.58941521e-18   3.79470760e-18
   9.13242009e-03   4.56621005e-03   7.58941521e-18   4.56621005e-03
   9.13242009e-03   4.56621005e-03   1.82648402e-02   9.13242009e-03
   2.28310502e-02   3.79470760e-18   7.58941521e-18   7.58941521e-18
   1.36986301e-02   9.13242009e-03   1.36986301e-02   4.56621005e-03
   7.58941521e-18  -4.33680869e-19   4.56621005e-03   7.58941521e-18
   3.79470760e-18   4.56621005e-03   3.79470760e-18   3.79470760e-18
   7.58941521e-18   7.58941521e-18   3.79470760e-18   1.82648402e-02
   3.79470760e-18   2.28310502e-02  -1.80411242e-16   1.00000000e+00
  -2.08166817e-17  -2.08166817e-17   2.08166817e-17   1.27853881e-01
   3.79470760e-18  -2.08166817e-17   2.08166817e-17   2.25514052e-17
  -2.08166817e-17   1.12757026e-17  -1.73472348e-16   8.32667268e-17
   5.68989300e-16   8.67361738e-17   5.55111512e-16   7.85388128e-01
   8.67579909e-02   7.58941521e-18   1.00000000e+00   1.00000000e+00
   3.79470760e-18  -4.33680869e-19   1.12757026e-17   3.79470760e-18
   7.58941521e-18  -4.68375339e-17   1.59594560e-16  -2.08166817e-17
   1.51788304e-17   1.82648402e-02   1.82648402e-02   3.65296804e-02
   9.13242009e-03   1.82648402e-02   4.56621005e-02   6.84931507e-02
   4.56621005e-02   3.19634703e-02   2.73972603e-02   2.73972603e-01
   4.06392694e-01   3.79470760e-18   9.13242009e-03   1.36986301e-02
   1.18721461e-01   1.05022831e-01   4.10958904e-02   4.56621005e-02
   2.28310502e-02   5.93607306e-02   1.09589041e-01   1.82648402e-02
   1.36986301e-02   3.79470760e-18   7.30593607e-02   4.10958904e-02
   3.19634703e-02   7.30593607e-02   1.36986301e-02   1.82648402e-02
   1.82648402e-01   9.13242009e-03  -1.77635684e-15   1.00000000e+00
  -8.32667268e-17  -6.66133815e-16   1.66533454e-16   1.00000000e+00
  -8.32667268e-17]
[  9.87616099e-01   0.00000000e+00   1.00000000e+00   6.84210526e-01
   9.69040248e-01   9.28792570e-02   1.00000000e+00   1.00000000e+00
   1.00000000e+00   8.11145511e-01   1.14551084e-01   0.00000000e+00
   1.05263158e-01   1.22124533e-15   2.47678019e-02   1.14551084e-01
   0.00000000e+00   0.00000000e+00   0.00000000e+00   0.00000000e+00
   0.00000000e+00   0.00000000e+00   0.00000000e+00   0.00000000e+00
   0.00000000e+00   0.00000000e+00   0.00000000e+00   0.00000000e+00
   6.61363325e-18  -1.73472348e-17   6.61363325e-18   3.09597523e-03
   6.19195046e-03   5.88235294e-02   6.19195046e-03   3.71517028e-02
   6.61363325e-18   6.61363325e-18   6.61363325e-18   3.09597523e-03
   1.54798762e-02   6.61363325e-18   6.19195046e-03   3.09597523e-03
   6.61363325e-18   9.28792570e-03   3.09597523e-03   8.66873065e-02
   3.09597523e-03   6.61363325e-18   6.19195046e-03   6.61363325e-18
   6.61363325e-18   6.61363325e-18   3.09597523e-03   1.32272665e-17
   2.47678019e-02   6.61363325e-18   1.21430643e-17   9.28792570e-03
   1.85758514e-02   6.61363325e-18   6.61363325e-18   1.32272665e-17
   1.32272665e-17   1.32272665e-17   1.32272665e-17   1.21430643e-17
   3.09597523e-03   6.19195046e-03   9.28792570e-03   2.47678019e-02
   6.61363325e-18   6.61363325e-18   3.09597523e-03   3.09597523e-03
   6.61363325e-18   6.61363325e-18   3.09597523e-03   1.54798762e-02
   1.32272665e-17   6.19195046e-03   6.61363325e-18   6.61363325e-18
   6.61363325e-18   1.23839009e-02   6.61363325e-18   6.19195046e-03
   9.28792570e-03   3.09597523e-03   3.09597523e-03   3.09597523e-03
   6.61363325e-18   3.09597523e-03   2.64545330e-17   6.61363325e-18
   7.43034056e-02   6.61363325e-18   6.61363325e-18   6.61363325e-18
   3.09597523e-03   9.28792570e-03   9.28792570e-03   6.61363325e-18
   9.28792570e-03   4.33680869e-18   4.33680869e-18   6.61363325e-18
   1.32272665e-17   3.09597523e-03   9.28792570e-03   6.19195046e-03
   3.09597523e-03   3.09597523e-03   3.40557276e-02   6.61363325e-18
   6.61363325e-18   3.09597523e-03   6.19195046e-03   3.09597523e-03
   3.09597523e-03   3.09597523e-03   1.23839009e-02   6.19195046e-03
   1.32272665e-17   6.19195046e-03   3.09597523e-03   3.09597523e-03
   3.09597523e-03   6.19195046e-03   3.09597523e-03   3.09597523e-03
   4.02476780e-02   6.61363325e-18   6.19195046e-03   3.09597523e-03
   3.40557276e-02   9.28792570e-03   6.61363325e-18   6.61363325e-18
   1.21430643e-17   3.09597523e-03   2.16718266e-02   6.61363325e-18
   3.09597523e-03   6.81114551e-02   6.61363325e-18   3.09597523e-03
   1.54798762e-02   1.32272665e-17   3.09597523e-03   6.61363325e-18
   9.28792570e-03   6.61363325e-18   1.32272665e-17   6.61363325e-18
   3.09597523e-03   6.61363325e-18   1.32272665e-17   6.61363325e-18
   2.64545330e-17   3.09597523e-03   2.16718266e-02   2.16718266e-02
   3.09597523e-03   6.61363325e-18   6.19195046e-03   3.09597523e-03
   1.54798762e-02   2.64545330e-17   9.28792570e-03   1.32272665e-17
   1.32272665e-17   3.09597523e-03   6.61363325e-18   1.32272665e-17
   6.61363325e-18   1.23839009e-02   3.09597523e-03   3.09597523e-03
   3.09597523e-03   3.09597523e-03   3.09597523e-03   9.28792570e-03
   6.61363325e-18   6.19195046e-03   3.12693498e-01   6.87306502e-01
   1.85758514e-02   9.28792570e-03   1.54798762e-02   9.28792570e-03
   3.09597523e-03   6.19195046e-03   1.85758514e-02   1.23839009e-02
   9.28792570e-03   1.23839009e-02   5.57275542e-02   9.59752322e-02
   1.95046440e-01   5.57275542e-02   3.28173375e-01   1.26934985e-01
   2.78637771e-02   1.32272665e-17   1.00000000e+00   1.00000000e+00
   6.61363325e-18   1.21430643e-17   6.19195046e-03   6.61363325e-18
   1.32272665e-17   1.54798762e-02   8.35913313e-02   9.28792570e-03
   3.09597523e-03   9.28792570e-03   6.19195046e-03   6.19195046e-03
   2.47678019e-02   1.85758514e-02   9.59752322e-02   5.88235294e-02
   9.28792570e-02   7.43034056e-02   1.05263158e-01   1.73374613e-01
   2.16718266e-01   6.61363325e-18   1.23839009e-02   6.19195046e-03
   8.04953560e-02   7.73993808e-02   2.78637771e-02   4.64396285e-02
   9.28792570e-03   3.40557276e-02   5.26315789e-02   6.19195046e-03
   2.16718266e-02   6.61363325e-18   1.36222910e-01   5.57275542e-02
   3.09597523e-02   2.60061920e-01   1.21430643e-17   1.54798762e-02
   1.23839009e-01   3.09597523e-03   1.00000000e+00   1.66533454e-15
  -6.93889390e-17   2.56965944e-01   7.43034056e-01   1.66533454e-15
  -6.93889390e-17]
[  1.38777878e-15   0.00000000e+00   1.00000000e+00   1.82142857e-01
   3.00000000e-01   2.85714286e-02   1.00000000e+00   1.00000000e+00
   1.00000000e+00   7.82142857e-01   2.56739074e-16   0.00000000e+00
   1.00000000e+00   9.25000000e-01   7.50000000e-02   2.56739074e-16
   0.00000000e+00   0.00000000e+00   0.00000000e+00   0.00000000e+00
   0.00000000e+00   0.00000000e+00   0.00000000e+00   0.00000000e+00
   0.00000000e+00   0.00000000e+00   0.00000000e+00   0.00000000e+00
   5.74627151e-18   7.14285714e-03   5.74627151e-18   5.74627151e-18
   1.07142857e-02   6.78571429e-02   1.14925430e-17   1.42857143e-02
   3.57142857e-03   5.74627151e-18   5.74627151e-18   3.57142857e-03
   1.07142857e-02   5.74627151e-18   7.14285714e-03   5.74627151e-18
   3.57142857e-03   7.14285714e-03   3.57142857e-03   6.42857143e-02
   7.80625564e-18   3.57142857e-03   2.29850861e-17   5.74627151e-18
   3.57142857e-03   3.57142857e-03   7.14285714e-03   3.57142857e-03
   7.14285714e-03   5.74627151e-18   7.14285714e-03   3.57142857e-03
   2.85714286e-02   3.57142857e-03   3.57142857e-03   7.14285714e-03
   3.57142857e-03   1.14925430e-17   1.14925430e-17   7.14285714e-03
   5.74627151e-18   1.14925430e-17   7.14285714e-03   1.42857143e-02
   3.57142857e-03   5.74627151e-18   7.80625564e-18   5.74627151e-18
   5.74627151e-18   5.74627151e-18   3.57142857e-03   1.07142857e-02
   1.14925430e-17   3.57142857e-03   3.57142857e-03   5.74627151e-18
   5.74627151e-18   7.14285714e-03   5.74627151e-18   7.14285714e-03
   7.80625564e-18   7.14285714e-03   1.14925430e-17   5.74627151e-18
   5.74627151e-18   5.74627151e-18   1.07142857e-02   3.57142857e-03
   9.28571429e-02   5.74627151e-18   5.74627151e-18   5.74627151e-18
   1.14925430e-17   2.50000000e-02   7.14285714e-03   5.74627151e-18
   1.07142857e-02   7.14285714e-03  -5.20417043e-18   5.74627151e-18
   7.14285714e-03   1.42857143e-02   7.14285714e-03   1.42857143e-02
  -1.04083409e-17   7.80625564e-18   3.57142857e-02   3.57142857e-03
   3.57142857e-03   5.74627151e-18   2.14285714e-02   3.57142857e-03
   3.57142857e-03   2.14285714e-02   4.59701721e-17   3.57142857e-03
   1.14925430e-17   1.78571429e-02   7.14285714e-03   1.14925430e-17
   3.57142857e-03   2.85714286e-02   5.74627151e-18   5.74627151e-18
   3.57142857e-02   5.74627151e-18   1.42857143e-02   5.74627151e-18
   6.42857143e-02   3.57142857e-03   5.74627151e-18   5.74627151e-18
   3.57142857e-03   5.74627151e-18   2.14285714e-02   5.74627151e-18
   5.74627151e-18   1.07142857e-02   5.74627151e-18   3.57142857e-03
   7.14285714e-03   1.14925430e-17   5.74627151e-18   5.74627151e-18
   3.57142857e-03   5.74627151e-18   3.57142857e-03   3.57142857e-03
   1.07142857e-02   5.74627151e-18   1.14925430e-17   5.74627151e-18
   2.29850861e-17   7.14285714e-03   7.14285714e-03   7.14285714e-03
   1.07142857e-02   3.57142857e-03   1.14925430e-17   1.14925430e-17
   3.12250226e-17   7.14285714e-03   1.07142857e-02   1.14925430e-17
   1.14925430e-17   7.14285714e-03   5.74627151e-18   3.57142857e-03
   5.74627151e-18   2.86229374e-17   5.74627151e-18   5.74627151e-18
   3.57142857e-03   3.57142857e-03   5.74627151e-18   1.78571429e-02
   3.57142857e-03   3.57142857e-03   8.57142857e-02   9.14285714e-01
   1.78571429e-02   7.14285714e-03   2.85714286e-02   1.07142857e-02
   5.74627151e-18   1.07142857e-02   2.50000000e-02   3.57142857e-02
   7.14285714e-03   1.07142857e-02   7.14285714e-02   7.50000000e-02
   2.46428571e-01   4.28571429e-02   3.39285714e-01   5.00000000e-02
   1.42857143e-02   7.14285714e-03   1.00000000e+00   1.00000000e+00
   5.74627151e-18   1.07142857e-02   1.78571429e-02   3.57142857e-03
   7.14285714e-03   1.42857143e-02   1.14285714e-01   3.57142857e-03
   1.07142857e-02   1.78571429e-02   1.78571429e-02   1.78571429e-02
   3.21428571e-02   1.78571429e-02   5.00000000e-02   7.50000000e-02
   8.92857143e-02   4.28571429e-02   4.64285714e-02   1.96428571e-01
   2.14285714e-01   5.74627151e-18   2.14285714e-02   3.57142857e-03
   8.57142857e-02   9.28571429e-02   5.35714286e-02   3.57142857e-02
   1.78571429e-02   2.14285714e-02   7.85714286e-02   7.14285714e-03
   3.21428571e-02   5.74627151e-18   1.00000000e-01   3.21428571e-02
   2.85714286e-02   1.82142857e-01   7.80625564e-18   3.92857143e-02
   1.50000000e-01   1.78571429e-02   1.00000000e+00   1.11022302e-15
  -6.93889390e-17   2.89285714e-01   7.10714286e-01   1.11022302e-15
  -6.93889390e-17]
[  9.94219653e-01   0.00000000e+00   1.00000000e+00   6.64739884e-01
   9.24855491e-01   1.56069364e-01   1.00000000e+00   1.00000000e+00
   1.00000000e+00   7.51445087e-01   9.82658960e-02   0.00000000e+00
   1.15606936e-01   1.05471187e-15   2.89017341e-02   9.82658960e-02
   0.00000000e+00   0.00000000e+00   0.00000000e+00   0.00000000e+00
   0.00000000e+00   0.00000000e+00   0.00000000e+00   0.00000000e+00
   0.00000000e+00   0.00000000e+00   0.00000000e+00   0.00000000e+00
   1.51788304e-18  -2.94902991e-17   1.51788304e-18   1.51788304e-18
   2.89017341e-02   9.24855491e-02   3.03576608e-18   4.04624277e-02
   1.51788304e-18   1.51788304e-18   5.78034682e-03   5.78034682e-03
   5.78034682e-03   5.78034682e-03   1.21430643e-17   1.51788304e-18
   1.51788304e-18   5.78034682e-03   1.15606936e-02   1.15606936e-02
   5.78034682e-03   1.51788304e-18   5.78034682e-03   1.51788304e-18
   1.51788304e-18   1.51788304e-18   5.78034682e-03   3.03576608e-18
   4.04624277e-02   1.51788304e-18  -5.63785130e-18  -1.38777878e-17
   2.31213873e-02   1.51788304e-18   1.51788304e-18   3.03576608e-18
   3.03576608e-18   5.78034682e-03   3.03576608e-18   5.78034682e-03
   1.51788304e-18   3.03576608e-18  -2.94902991e-17   1.15606936e-02
   1.51788304e-18   5.78034682e-03   1.15606936e-02   1.51788304e-18
   1.51788304e-18   1.51788304e-18   3.03576608e-18   5.78034682e-03
   5.78034682e-03  -5.63785130e-18   1.51788304e-18   1.51788304e-18
   1.51788304e-18   1.73410405e-02   1.51788304e-18   5.78034682e-03
  -5.63785130e-18   5.78034682e-03   3.03576608e-18   1.51788304e-18
   1.51788304e-18   1.51788304e-18   6.07153217e-18   1.51788304e-18
  -7.63278329e-17   5.78034682e-03   5.78034682e-03   5.78034682e-03
   3.03576608e-18   1.15606936e-02   1.15606936e-02   1.51788304e-18
  -8.67361738e-18   5.78034682e-03  -1.38777878e-17   5.78034682e-03
   3.03576608e-18   3.46820809e-02   5.20231214e-02   5.78034682e-03
   1.73410405e-02  -5.63785130e-18   6.93641618e-02   1.51788304e-18
   1.51788304e-18   1.51788304e-18  -2.08166817e-17   3.03576608e-18
  -5.63785130e-18   1.15606936e-02   1.21430643e-17  -1.38777878e-17
   1.15606936e-02   5.78034682e-03   6.07153217e-18   5.78034682e-03
   5.78034682e-03   5.78034682e-03   1.51788304e-18   1.51788304e-18
   2.89017341e-02   1.51788304e-18   1.15606936e-02   1.51788304e-18
   4.04624277e-02   5.78034682e-03   1.51788304e-18   1.51788304e-18
  -5.63785130e-18   1.51788304e-18   1.15606936e-02   1.51788304e-18
   1.51788304e-18   3.46820809e-02   5.78034682e-03   1.15606936e-02
   1.73410405e-02   5.78034682e-03   1.51788304e-18   1.51788304e-18
   5.78034682e-03   1.51788304e-18   5.78034682e-03   1.51788304e-18
  -1.12757026e-17   1.51788304e-18   3.03576608e-18   1.51788304e-18
   6.07153217e-18   2.31213873e-02   4.62427746e-02   1.73410405e-02
  -2.94902991e-17   1.51788304e-18   3.03576608e-18   5.78034682e-03
  -2.25514052e-17   6.07153217e-18  -2.08166817e-17   3.03576608e-18
   3.03576608e-18  -5.63785130e-18   1.51788304e-18   5.78034682e-03
   5.78034682e-03   5.78034682e-03   1.51788304e-18   1.51788304e-18
   3.03576608e-18   3.03576608e-18   1.51788304e-18   2.31213873e-02
   1.51788304e-18   2.89017341e-02  -1.66533454e-16   1.00000000e+00
  -2.08166817e-17  -1.38777878e-17  -1.73472348e-17   6.35838150e-02
   1.51788304e-18  -1.38777878e-17  -1.73472348e-17  -1.73472348e-17
  -1.38777878e-17  -8.67361738e-18  -1.11022302e-16  -6.93889390e-17
   2.63677968e-16   6.93889390e-18   5.27355937e-16   8.95953757e-01
   4.04624277e-02   3.03576608e-18   1.00000000e+00   9.94219653e-01
   5.78034682e-03  -5.63785130e-18  -8.67361738e-18   1.51788304e-18
   3.03576608e-18  -2.94902991e-17   0.00000000e+00   5.78034682e-03
   6.07153217e-18   1.15606936e-02   1.15606936e-02   1.73410405e-02
  -4.85722573e-17   1.15606936e-02   6.35838150e-02   5.78034682e-02
   5.20231214e-02   1.73410405e-02   6.93641618e-02   2.54335260e-01
   4.27745665e-01   1.51788304e-18   1.15606936e-02   5.78034682e-03
   9.24855491e-02   1.38728324e-01   1.15606936e-02   3.46820809e-02
   2.89017341e-02   5.20231214e-02   1.15606936e-01   5.78034682e-03
   2.89017341e-02   1.51788304e-18   4.62427746e-02   3.46820809e-02
   6.93641618e-02   1.50289017e-01  -5.63785130e-18   5.20231214e-02
   1.04046243e-01   1.73410405e-02  -8.88178420e-16   1.00000000e+00
  -8.32667268e-17  -4.44089210e-16   1.66533454e-16   1.00000000e+00
  -8.32667268e-17]
