 T-Mobile
[ 0.  0.  0. ...,  0.  0.  0.]

 Verizon
[ 0.  0.  0. ...,  0.  0.  0.]

 vodafone UK
[ 0.  0.  0. ...,  0.  0.  0.]

 T-Mobile
[ 0.  0.  0. ...,  0.  0.  0.]

 Swisscom
[ 0.  0.  0. ...,  0.  0.  0.]

 AT&T
[ 0.  0.  0. ...,  1.  0.  0.]

 MobiCom
[ 0.  0.  0. ...,  0.  0.  0.]

 Other
[ 0.  0.  0. ...,  0.  0.  0.]

 etisalat
[ 0.  0.  0. ...,  0.  0.  0.]

 Verizon
[ 0.  0.  0. ...,  0.  0.  0.]

 SingTel
[ 0.  0.  0. ...,  0.  0.  0.]

 Sprint
[ 0.  0.  0. ...,  0.  0.  0.]

 Mobily
[ 0.  0.  0. ...,  0.  0.  0.]

 AT&T
[ 0.  0.  0. ...,  0.  0.  0.]

 AirTel
[ 0.  0.  0. ...,  0.  0.  0.]

 AT&T
[ 0.  0.  0. ...,  0.  0.  0.]

 etisalat
[ 0.  0.  0. ...,  0.  0.  0.]

 Verizon
[ 0.  0.  0. ...,  0.  0.  0.]

 non-ascii1
[ 0.  0.  0. ...,  0.  0.  0.]

 non-ascii1
[ 0.  0.  0. ...,  0.  0.  0.]

 OPTUS
[ 0.  0.  0. ...,  0.  0.  0.]

 voda AU
[ 0.  0.  0. ...,  0.  0.  0.]

 T-Mobile
[ 0.  0.  0. ...,  0.  0.  0.]

 Other
[ 0.  0.  0. ...,  0.  0.  0.]

 SK Telecom
[ 0.  0.  0. ...,  0.  0.  0.]

 T-Mobile
[ 0.  0.  0. ...,  0.  0.  0.]

 Verizon
[ 0.  0.  0. ...,  0.  0.  0.]

 T-Mobile NL
[ 0.  0.  0. ...,  0.  0.  0.]

 Verizon
[ 0.  0.  0. ...,  0.  0.  0.]

 Singtel
[ 0.  0.  0. ...,  0.  0.  0.]

 voda AU
[ 0.  0.  0. ...,  0.  1.  0.]

 Verizon
[ 0.  0.  0. ...,  0.  0.  0.]

 Sprint
[ 0.  0.  0. ...,  0.  0.  0.]

 giffgaff
[ 0.  0.  0. ...,  0.  0.  0.]

 T-Mobile
[ 0.  0.  0. ...,  0.  0.  0.]

 AIS
[ 0.  0.  0. ...,  0.  0.  0.]

 EE
[ 0.  0.  0. ...,  0.  0.  0.]

 Bouygues Telecom
[ 0.  0.  0. ...,  0.  0.  0.]

 Verizon
[ 0.  0.  0. ...,  0.  0.  0.]

 AT&T
[ 0.  0.  0. ...,  0.  0.  0.]

 AT&T
[ 0.  0.  0. ...,  0.  0.  0.]

 Carrier
[ 0.  0.  0. ...,  0.  0.  0.]

 O2
[ 0.  0.  0. ...,  0.  0.  0.]

 AT&T
[ 0.  0.  0. ...,  0.  0.  0.]

 Verizon
[ 0.  0.  0. ...,  0.  0.  0.]

 AT&T
[ 0.  0.  0. ...,  0.  0.  0.]

 non-ascii2
[ 0.  0.  0. ...,  0.  0.  0.]

 Zain KSA
[ 0.  0.  0. ...,  0.  0.  0.]

 3
[ 0.  0.  0. ...,  0.  0.  0.]

 T-Mobile
[ 0.  0.  0. ...,  0.  0.  0.]

 vf ro
[ 0.  0.  0. ...,  0.  0.  0.]

 AIS
[ 0.  0.  0. ...,  0.  0.  0.]

 AT&T
[ 0.  0.  0. ...,  0.  0.  0.]

 Ooredoo
[ 0.  0.  0. ...,  0.  0.  0.]

 M1 Singapore
[ 0.  0.  0. ...,  0.  0.  0.]

 voda AU
[ 0.  0.  0. ...,  0.  0.  0.]

 Telstra
[ 0.  0.  0. ...,  0.  0.  0.]

 vodafone UK
[ 0.  0.  0. ...,  0.  0.  0.]

 Carrier
[ 0.  0.  0. ...,  0.  0.  0.]

 OPTUS
[ 0.  0.  0. ...,  0.  0.  0.]

 Verizon
[ 0.  0.  0. ...,  0.  0.  0.]

 Mobinil
[ 0.  0.  0. ...,  0.  0.  0.]

 StarHub
[ 0.  0.  0. ...,  0.  0.  0.]

 AT&T
[ 0.  0.  0. ...,  0.  0.  0.]

 Telcel
[ 0.  0.  0. ...,  0.  0.  0.]

 T-Mobile
[ 0.  0.  0. ...,  0.  0.  0.]

 Zain KW
[ 0.  0.  0. ...,  0.  0.  0.]

 voda AU
[ 0.  0.  0. ...,  0.  0.  0.]

 Other
[ 0.  0.  0. ...,  0.  0.  0.]

 KPN NL
[ 0.  0.  0. ...,  0.  0.  1.]

 TELUS
[ 0.  0.  0. ...,  0.  0.  0.]

 O2
[ 0.  0.  0. ...,  0.  0.  0.]

 Carrier
[ 0.  0.  0. ...,  0.  0.  0.]

 TRUE-H
[ 0.  0.  0. ...,  0.  0.  0.]

 CSL
[ 0.  0.  0. ...,  0.  0.  0.]

 Free
[ 0.  0.  0. ...,  0.  0.  0.]

 Carrier
[ 0.  0.  0. ...,  0.  0.  0.]

 CMHK
[ 0.  0.  0. ...,  0.  0.  0.]

 Etisalat
[ 0.  0.  0. ...,  0.  0.  0.]

 Sprint
[ 0.  0.  0. ...,  0.  0.  0.]

 Verizon
[ 0.  0.  0. ...,  0.  0.  0.]

 Meteor
[ 0.  0.  0. ...,  0.  0.  0.]

 Vodafone.de
[ 0.  0.  0. ...,  0.  0.  0.]

 Sprint
[ 0.  0.  0. ...,  0.  0.  0.]

 O2
[ 0.  0.  0. ...,  0.  0.  0.]

 T-Mobile
[ 0.  0.  0. ...,  0.  0.  0.]

 CMHK
[ 1.  0.  0. ...,  0.  0.  0.]

 TIM
[ 0.  0.  0. ...,  0.  0.  0.]

 etisalat
[ 0.  0.  0. ...,  0.  0.  0.]

 Globe
[ 0.  0.  0. ...,  0.  0.  0.]

 Carrier
[ 0.  0.  0. ...,  0.  0.  0.]

 Ufone
[ 0.  0.  0. ...,  0.  0.  0.]

 mt:s
[ 0.  0.  0. ...,  0.  0.  0.]

 Carrier
[ 0.  0.  0. ...,  0.  0.  0.]

 Dialog
[ 0.  0.  0. ...,  0.  0.  0.]

 Singtel
[ 0.  0.  0. ...,  0.  0.  0.]

 Carrier
[ 0.  0.  0. ...,  0.  0.  0.]

 Singtel
[ 0.  0.  0. ...,  0.  0.  0.]

 Sprint
[ 0.  0.  0. ...,  0.  0.  0.]

 TELUS
[ 0.  0.  0. ...,  0.  0.  0.]

 Verizon
[ 0.  0.  0. ...,  0.  0.  0.]

 Carrier
[ 0.  0.  0. ...,  0.  0.  0.]

 Bouygues Telecom
[ 0.  0.  0. ...,  0.  0.  0.]

 AT&T
[ 0.  0.  0. ...,  0.  0.  0.]

 EE
[ 0.  0.  0. ...,  0.  0.  0.]

 Rogers
[ 0.  0.  0. ...,  0.  0.  0.]

 StarHub
[ 0.  0.  0. ...,  0.  0.  0.]

 Three
[ 0.  0.  0. ...,  0.  0.  0.]

 non-ascii3
[ 0.  1.  0. ...,  0.  0.  0.]

 dtac
[ 0.  0.  0. ...,  0.  0.  0.]

 T-Mobile
[ 0.  0.  0. ...,  0.  0.  0.]

 Bouygues Telecom
[ 0.  0.  0. ...,  0.  0.  0.]

 Singtel
[ 0.  0.  0. ...,  0.  0.  0.]

 STC
[ 0.  0.  0. ...,  0.  0.  0.]

 KPN NL
[ 0.  0.  0. ...,  0.  0.  0.]

 o2-de
[ 0.  0.  0. ...,  0.  0.  0.]

 Verizon
[ 0.  0.  0. ...,  0.  0.  0.]

 Videotron
[ 0.  0.  0. ...,  0.  0.  0.]

 Carrier
[ 0.  0.  0. ...,  0.  0.  0.]

 AT&T
[ 0.  0.  0. ...,  0.  0.  0.]

 T-Mobile A
[ 0.  0.  0. ...,  0.  0.  0.]

 T-Mobile
[ 0.  0.  0. ...,  0.  0.  0.]

 T-Mobile
[ 0.  0.  0. ...,  0.  0.  0.]

 T-Mobile
[ 0.  0.  0. ...,  0.  0.  0.]

 T-Mobile
[ 0.  0.  0. ...,  0.  0.  0.]

 etisalat
[ 0.  0.  0. ...,  0.  0.  0.]

 MTN
[ 0.  0.  0. ...,  0.  0.  0.]

 Verizon
[ 0.  0.  0. ...,  0.  0.  0.]

 3
[ 0.  0.  0. ...,  0.  0.  0.]

 Other
[ 0.  0.  0. ...,  0.  0.  0.]

 fido
[ 0.  0.  0. ...,  0.  0.  0.]

 etisalat
[ 0.  0.  0. ...,  0.  0.  0.]

 AT&T
[ 0.  0.  0. ...,  0.  0.  0.]

 Bouygues Telecom
[ 0.  0.  0. ...,  0.  0.  0.]

 AirTel
[ 0.  0.  0. ...,  0.  0.  0.]

 Verizon
[ 0.  0.  0. ...,  0.  0.  0.]

 O2
[ 0.  0.  0. ...,  0.  0.  0.]

 Carrier
[ 0.  0.  0. ...,  0.  0.  0.]

 AT&T
[ 0.  0.  0. ...,  0.  0.  0.]

 dtac
[ 0.  0.  0. ...,  0.  0.  0.]

 Rogers
[ 0.  0.  0. ...,  0.  0.  0.]

 Carrier
[ 0.  0.  0. ...,  0.  0.  0.]

 dtac
[ 0.  0.  0. ...,  0.  0.  0.]

 Sprint
[ 0.  0.  0. ...,  0.  0.  0.]

 VIVO
[ 0.  0.  0. ...,  0.  0.  0.]

 AT&T
[ 0.  0.  0. ...,  0.  0.  0.]

 TIGO HND
[ 0.  0.  0. ...,  0.  0.  0.]

 Bell
[ 0.  0.  0. ...,  0.  0.  0.]

 Telcel
[ 0.  0.  0. ...,  0.  0.  0.]

 AT&T
[ 0.  0.  0. ...,  0.  0.  0.]

 Other
[ 0.  0.  0. ...,  0.  0.  0.]

 AT&T
[ 0.  0.  0. ...,  0.  0.  0.]

 Vodafone India
[ 0.  0.  0. ...,  0.  0.  0.]

 T-Mobile
[ 0.  0.  0. ...,  0.  0.  0.]

 Singtel
[ 0.  0.  0. ...,  0.  0.  0.]

 VIVO
[ 0.  0.  0. ...,  0.  0.  0.]

 Vodacom
[ 0.  0.  0. ...,  0.  0.  0.]

 Warid
[ 0.  0.  1. ...,  0.  0.  0.]

 1071256
[ 0.  0.  0. ...,  0.  1.  0.]

 1071256
[ 1.  1.  1. ...,  1.  0.  1.]

 iPhone 6
[ 0.  0.  0. ...,  0.  0.  0.]

 iPhone 6
[ 0.  0.  0. ...,  0.  0.  0.]

 Unknown iPhone8
[ 0.  0.  0. ...,  0.  0.  0.]

 iPhone 6
[ 0.  0.  1. ...,  0.  0.  0.]

 iPhone 6
[ 0.  0.  0. ...,  0.  0.  0.]

 iPhone 6
[ 0.  0.  0. ...,  0.  0.  0.]

 iPhone 6
[ 0.  0.  0. ...,  0.  0.  0.]

 iPad 3
[ 0.  0.  0. ...,  0.  0.  0.]

 iPhone 6
[ 0.  0.  0. ...,  0.  0.  0.]

 Unknown iPhone8
[ 0.  0.  0. ...,  0.  0.  0.]

 iPhone 4S
[ 0.  0.  0. ...,  0.  0.  0.]

 iPhone 6 Plus
[ 0.  0.  0. ...,  0.  0.  0.]

 iPhone 6
[ 0.  0.  0. ...,  0.  1.  0.]

 iPhone 5
[ 0.  0.  0. ...,  0.  0.  0.]

 iPhone 6 Plus
[ 0.  0.  0. ...,  0.  0.  0.]

 iPhone 6 Plus
[ 1.  1.  0. ...,  1.  0.  1.]

 iPhone 5s
[ 0.  0.  0. ...,  0.  0.  0.]

 iPhone 5s
[ 0.  0.  0. ...,  0.  0.  0.]

 ios
[ 1.  1.  1. ...,  1.  1.  1.]

 Free
[ 1.  1.  1. ...,  1.  1.  0.]

 Free
[ 0.  0.  0. ...,  0.  0.  1.]

 910
[ 0.  0.  0. ...,  0.  0.  0.]

 910
[ 0.  0.  0. ...,  0.  0.  0.]

 910
[ 0.  0.  0. ...,  0.  0.  0.]

 840
[ 0.  0.  0. ...,  0.  0.  0.]

 910
[ 0.  0.  0. ...,  0.  0.  0.]

 812
[ 0.  0.  0. ...,  0.  1.  0.]

 910
[ 0.  0.  0. ...,  0.  0.  0.]

 830
[ 0.  0.  0. ...,  0.  0.  0.]

 910
[ 0.  0.  0. ...,  0.  0.  0.]

 901
[ 0.  0.  0. ...,  0.  0.  0.]

 711
[ 0.  0.  0. ...,  0.  0.  0.]

 910
[ 0.  0.  0. ...,  0.  0.  0.]

 820
[ 0.  0.  0. ...,  0.  0.  0.]

 910
[ 0.  0.  0. ...,  0.  0.  0.]

 910
[ 0.  0.  0. ...,  0.  0.  0.]

 910
[ 0.  0.  0. ...,  0.  0.  0.]

 910
[ 0.  0.  0. ...,  0.  0.  0.]

 910
[ 0.  0.  0. ...,  1.  0.  0.]

 910
[ 0.  0.  0. ...,  0.  0.  0.]

 910
[ 1.  1.  1. ...,  0.  0.  1.]

 -5
[ 0.  0.  0. ...,  0.  0.  0.]

 -8
[ 0.  0.  0. ...,  0.  0.  0.]

 0
[ 0.  0.  0. ...,  0.  0.  0.]

 -5
[ 0.  0.  0. ...,  1.  0.  0.]

 1
[ 1.  0.  0. ...,  0.  0.  0.]

 -5
[ 0.  0.  0. ...,  0.  0.  0.]

 8
[ 0.  0.  0. ...,  0.  0.  0.]

 8
[ 0.  1.  0. ...,  0.  0.  0.]

 4
[ 0.  0.  1. ...,  0.  0.  0.]

 -5
[ 0.  0.  0. ...,  0.  1.  0.]

 8
[ 0.  0.  0. ...,  0.  0.  0.]

 -7
[ 0.  0.  0. ...,  0.  0.  0.]

 3
[ 0.  0.  0. ...,  0.  0.  0.]

 -5
[ 0.  0.  0. ...,  0.  0.  1.]

 5
[ 0.  0.  0. ...,  0.  0.  0.]

 1
[ 0.  0.  0. ...,  0.  0.  0.]

 4
[ 0.  0.  0. ...,  0.  0.  0.]

 -7
[ 0.  0.  0. ...,  0.  0.  0.]

 8
[ 0.  0.  0. ...,  0.  0.  0.]

 8
[ 0.  0.  0. ...,  0.  0.  0.]

 11
[ 0.  0.  0. ...,  0.  0.  0.]

 375
[ 0.  0.  0. ...,  0.  1.  0.]

 375
[ 1.  1.  0. ...,  1.  0.  1.]

 414
[ 0.  0.  1. ...,  0.  0.  0.]

 667
[ 0.  0.  0. ...,  0.  0.  0.]

 667
[ 0.  0.  0. ...,  0.  1.  0.]

 736
[ 1.  1.  0. ...,  1.  0.  1.]

 667
[ 0.  0.  1. ...,  0.  0.  0.]

