227 250
227 257
227 267
227 268
227 269
227 279
227 282
227 286
227 297
227 311
230 238
230 266
230 270
230 294
231 234
231 236
231 244
231 299
232 250
232 256
232 268
232 269
232 279
233 232
233 237
233 249
233 250
233 257
233 259
233 268
233 269
233 277
233 278
234 239
234 294
234 299
235 230
235 238
235 264
235 266
235 270
235 294
236 234
236 244
237 249
237 254
237 259
237 309
237 310
238 230
238 270
238 294
239 294
239 307
241 253
241 254
241 272
241 274
244 231
244 234
244 236
244 299
247 239
247 259
248 240
248 247
248 265
248 278
248 295
249 250
249 259
249 282
249 297
249 300
250 232
250 249
250 268
250 269
250 279
253 241
253 309
254 241
254 261
254 309
254 310
256 232
256 250
256 268
256 269
256 279
259 241
259 249
259 272
259 309
262 272
264 238
264 266
264 270
264 294
265 241
265 247
265 249
265 272
265 293
265 309
267 227
267 286
267 292
267 297
267 304
267 311
268 232
268 241
268 250
268 259
268 269
268 279
268 295
268 297
268 298
268 309
269 232
269 241
269 250
269 259
269 268
269 279
269 295
269 297
269 298
270 230
270 238
270 264
270 266
270 294
272 262
274 241
274 253
274 254
274 261
274 309
274 310
277 249
277 259
277 274
279 227
279 232
279 250
279 256
279 268
279 269
279 295
279 297
279 298
279 309
282 241
282 272
282 294
282 300
282 309
282 310
283 312
284 301
284 312
286 278
286 292
286 309
287 262
287 272
292 286
292 304
292 309
293 248
293 265
293 298
293 309
294 238
294 266
294 270
295 248
295 265
295 293
295 298
295 309
297 227
297 249
297 250
297 269
297 279
297 286
297 288
297 300
297 304
297 311
298 259
299 231
299 234
299 236
300 249
300 250
300 259
300 282
300 286
300 292
300 293
300 297
300 302
301 283
301 284
301 312
305 239
305 294
305 307
307 239
307 272
307 294
307 305
309 253
309 261
309 272
309 274
310 253
310 261
310 274
310 309
311 282
311 286
311 297
312 283
