227 267
227 282
227 297
230 235
230 238
230 294
231 234
231 236
231 299
232 250
232 256
233 257
233 277
234 231
234 236
234 299
235 230
235 238
235 266
236 231
236 234
236 299
237 233
237 259
237 277
238 230
238 235
238 264
239 305
239 307
241 261
241 309
241 310
244 234
244 236
244 299
247 240
247 248
247 265
248 247
248 295
248 298
249 250
249 300
249 302
250 232
250 249
250 268
253 254
254 253
254 309
254 310
256 232
256 250
259 233
259 237
259 265
262 272
262 287
264 235
264 238
264 294
265 237
265 293
265 295
267 227
267 286
267 304
268 250
268 269
268 279
269 268
269 279
269 298
270 264
270 266
270 294
272 262
272 287
274 254
274 309
277 233
277 257
277 259
279 250
279 268
279 269
282 300
282 302
282 311
283 284
283 301
283 312
284 283
284 301
284 312
286 297
286 304
287 262
287 272
292 286
292 297
292 304
293 248
293 265
293 298
294 264
294 266
294 270
295 265
295 298
297 227
297 286
297 304
298 247
298 248
298 295
299 231
299 234
299 236
300 249
300 282
300 302
301 283
301 284
301 312
302 250
302 278
302 288
305 239
305 307
307 239
307 305
309 241
309 254
309 310
310 241
310 254
310 309
311 267
311 282
311 286
312 283
312 284
