8002 8003
8002 8004
8002 8005
8002 8027
8002 8064
8002 8065
8002 8066
8002 8067
8032 8015
8032 8022
8032 8090
8032 8091
8032 8134
8053 8054
8053 8055
8054 8053
8054 8055
8055 8053
8055 8054
8059 8058
8059 8061
8061 8058
8061 8059
8085 8166
8090 8015
8090 8032
8090 8078
8090 8091
8091 8032
8091 8090
8093 8075
8093 8078
8093 8090
8093 8091
8095 8101
8095 8102
8095 8145
8099 8107
8099 8116
8099 8126
8099 8128
8099 8173
8099 8185
8100 8098
8100 8106
8100 8117
8100 8125
8100 8127
8101 8095
8101 8102
8101 8156
8101 8177
8102 8095
8102 8101
8102 8115
8102 8177
8102 8178
8104 8106
8104 8117
8106 8104
8106 8121
8106 8139
8115 8102
8115 8129
8115 8140
8115 8151
8115 8178
8116 8131
8117 8104
8117 8106
8117 8121
8117 8133
8117 8181
8119 8136
8119 8145
8119 8156
8119 8168
8119 8178
8121 8133
8121 8139
8125 8100
8125 8121
8125 8127
8125 8133
8125 8139
8128 8099
8128 8107
8128 8126
8128 8173
8129 8115
8129 8136
8129 8140
8129 8151
8129 8158
8133 8121
8134 8131
8134 8135
8134 8185
8134 8186
8136 8119
8136 8129
8136 8140
8136 8169
8139 8117
8139 8121
8140 8115
8140 8119
8140 8126
8140 8129
8140 8130
8140 8136
8140 8144
8140 8145
8140 8151
8140 8158
8140 8168
8140 8169
8140 8170
8140 8178
8145 8119
8145 8136
8145 8156
8145 8168
8145 8178
8150 8114
8150 8149
8155 8176
8155 8180
8156 8101
8156 8119
8156 8145
8156 8168
8156 8178
8166 8085
8169 8136
8176 8180
8178 8102
8178 8115
8178 8145
8178 8156
8178 8168
8180 8176
8181 8121
8182 8183
8182 8185
8185 8099
8185 8126
8185 8128
8185 8134
8185 8183
