8032 8093
8054 8053
8054 8055
8055 8053
8055 8054
8059 8093
8061 8093
8085 8174
8090 8093
8091 8093
8093 8015
8097 8093
8100 8028
8100 8104
8100 8110
8100 8121
8100 8133
8104 8106
8106 8104
8115 8136
8116 8174
8117 8104
8117 8106
8117 8121
8117 8133
8117 8181
8119 8136
8119 8145
8119 8156
8119 8168
8119 8178
8125 8121
8125 8127
8125 8133
8129 8178
8134 8174
8136 8133
8136 8150
8136 8174
8139 8117
8150 8095
8150 8133
8150 8156
8150 8180
8155 8176
8166 8174
8176 8155
8180 8155
8180 8181
8181 8133
