8002 8015
8002 8017
8002 8022
8002 8028
8002 8032
8002 8040
8040 8015
8040 8017
8040 8075
8040 8089
8040 8090
8040 8091
8040 8092
8040 8093
8040 8094
8053 8054
8053 8055
8054 8053
8054 8055
8055 8053
8055 8054
8059 8022
8059 8032
8061 8002
8061 8003
8091 8015
8091 8075
8091 8078
8091 8089
8091 8092
8091 8094
8093 8002
8093 8003
8093 8004
8093 8015
8093 8017
8093 8022
8093 8032
8093 8040
8093 8058
8093 8059
8093 8061
8093 8075
8093 8078
8093 8089
8093 8090
8093 8091
8093 8092
8093 8094
8093 8097
8095 8107
8095 8115
8095 8116
8095 8119
8095 8129
8095 8130
8095 8136
8095 8140
8095 8144
8095 8156
8095 8158
8095 8168
8095 8169
8095 8170
8095 8178
8099 8095
8099 8098
8099 8115
8099 8131
8099 8134
8099 8135
8099 8136
8099 8138
8099 8144
8099 8174
8099 8182
8099 8183
8099 8186
8099 8189
8100 8139
8101 8115
8101 8119
8101 8129
8101 8130
8101 8136
8101 8140
8101 8145
8101 8151
8101 8168
8101 8169
8101 8170
8101 8178
8102 8119
8102 8129
8102 8130
8102 8136
8102 8140
8102 8144
8102 8145
8102 8151
8102 8156
8102 8158
8102 8168
8102 8169
8102 8170
8104 8106
8104 8117
8104 8121
8104 8181
8106 8104
8106 8117
8106 8121
8106 8139
8106 8181
8115 8095
8115 8098
8115 8099
8115 8100
8115 8101
8115 8104
8115 8107
8115 8110
8115 8114
8115 8116
8115 8117
8115 8119
8115 8121
8115 8125
8115 8126
8115 8127
8115 8128
8115 8130
8115 8131
8115 8133
8115 8134
8115 8135
8115 8138
8115 8139
8115 8144
8115 8145
8115 8149
8115 8156
8115 8158
8115 8166
8115 8168
8115 8169
8115 8170
8116 8107
8116 8126
8116 8134
8116 8138
8116 8186
8117 8104
8117 8106
8117 8121
8117 8133
8117 8181
8119 8095
8119 8115
8119 8129
8119 8140
8119 8169
8121 8104
8121 8106
8121 8117
8121 8133
8121 8139
8121 8181
8125 8098
8125 8100
8125 8104
8125 8106
8125 8110
8125 8114
8125 8116
8125 8117
8125 8121
8125 8126
8125 8127
8125 8133
8125 8139
8128 8116
8128 8131
8128 8134
8128 8135
8128 8138
8128 8174
8128 8189
8129 8095
8129 8100
8129 8101
8129 8102
8129 8110
8129 8114
8129 8119
8129 8127
8129 8133
8129 8138
8129 8145
8129 8155
8129 8169
8129 8170
8133 8104
8133 8106
8133 8117
8133 8139
8134 8002
8134 8032
8134 8058
8134 8061
8134 8090
8134 8107
8134 8116
8134 8182
8134 8183
8134 8189
8136 8095
8136 8101
8136 8102
8136 8115
8136 8130
8136 8144
8136 8145
8136 8151
8136 8156
8136 8158
8136 8168
8136 8170
8136 8177
8136 8178
8139 8104
8139 8106
8139 8117
8139 8121
8139 8133
8139 8181
8140 8095
8145 8101
8145 8102
8145 8107
8145 8115
8145 8129
8145 8130
8145 8133
8145 8140
8145 8144
8145 8151
8145 8158
8145 8169
8145 8170
8145 8177
8150 8098
8150 8099
8150 8101
8150 8119
8150 8133
8150 8603
8155 8181
8156 8095
8156 8102
8156 8115
8156 8129
8156 8130
8156 8140
8156 8151
8156 8169
8156 8170
8156 8177
8166 8173
8166 8183
8169 8095
8169 8101
8169 8102
8169 8115
8169 8119
8169 8121
8169 8129
8169 8130
8169 8140
8169 8144
8169 8145
8169 8151
8169 8156
8169 8158
8169 8168
8169 8170
8169 8177
8169 8178
8169 8181
8169 8188
8176 8181
8178 8095
8178 8119
8178 8129
8178 8130
8178 8136
8178 8150
8178 8151
8178 8170
8181 8104
8181 8106
8181 8117
8181 8121
8181 8139
8182 8099
8182 8116
8182 8134
8182 8135
8182 8138
8182 8166
8182 8173
8182 8174
8182 8189
8185 8107
8185 8135
8185 8138
8185 8166
8185 8182
8185 8186
8185 8189
