4 24
4 27
4 28
4 29
4 131
4 147
4 199
4 214
6 4
6 12
6 24
6 27
6 28
6 29
6 31
6 43
6 44
6 56
6 66
6 125
6 131
6 147
6 165
6 199
6 214
12 4
12 6
12 24
12 27
12 28
12 29
12 31
12 44
12 45
12 56
12 66
12 131
12 147
12 199
12 214
24 4
24 6
24 12
24 27
24 28
24 43
24 45
24 66
29 4
29 6
29 12
29 24
29 27
29 28
29 31
29 38
29 43
29 44
29 66
29 131
29 147
29 199
29 214
31 4
31 6
31 12
31 28
31 44
31 66
31 147
31 165
31 199
31 214
38 39
38 40
38 45
38 54
38 65
38 76
38 78
38 79
38 87
38 90
38 98
38 102
38 131
38 132
38 141
38 165
38 166
38 172
38 174
39 38
39 40
39 45
39 65
39 66
39 76
39 78
39 79
39 80
39 81
39 86
39 87
39 90
39 98
39 102
39 108
39 128
39 147
39 192
39 240
40 6
40 38
40 39
40 45
40 54
40 65
40 76
40 78
40 79
40 80
40 81
40 86
40 87
40 90
40 98
40 102
40 128
40 131
40 192
40 240
44 6
44 24
44 45
44 66
44 108
44 131
44 147
44 199
45 27
45 131
54 38
54 39
54 40
54 65
54 76
54 78
54 79
54 81
54 86
54 90
65 38
65 39
65 40
65 54
65 76
65 78
65 79
65 81
65 86
65 87
65 90
65 98
65 240
66 4
66 6
66 12
66 24
66 43
66 128
66 147
78 38
78 39
78 40
78 54
78 65
78 76
78 79
78 80
78 81
78 86
78 87
78 90
78 98
78 102
78 192
78 240
79 38
79 39
79 40
79 54
79 76
79 78
79 80
79 81
79 87
79 98
79 102
79 192
79 240
81 38
81 39
81 40
81 54
81 65
81 76
81 78
81 86
81 90
86 38
86 39
86 40
86 54
86 65
86 76
86 78
86 79
86 80
86 81
86 87
86 90
86 98
86 102
87 65
90 38
90 39
90 40
90 54
90 65
90 76
90 78
90 79
90 80
90 81
90 86
90 87
90 98
90 102
90 192
90 240
98 38
98 39
98 40
98 81
98 86
98 90
98 102
102 4
102 6
102 28
102 45
102 79
102 86
102 112
102 118
102 127
102 147
102 195
102 201
102 208
102 219
102 226
102 244
102 247
111 112
111 118
111 128
111 164
111 166
127 45
127 56
127 125
127 132
127 141
127 144
127 150
127 151
127 158
127 164
127 165
127 172
127 174
127 199
127 205
127 219
127 221
127 226
127 243
127 244
132 28
132 144
144 28
144 56
144 102
144 111
144 112
144 118
144 125
144 127
144 128
144 132
144 141
144 151
144 158
144 164
144 166
147 4
147 6
147 12
147 24
147 29
147 43
147 66
147 131
147 199
147 214
164 45
164 112
164 118
164 141
164 144
164 238
172 186
172 191
172 192
172 195
172 201
172 205
172 219
172 221
172 222
172 226
174 164
174 205
174 208
174 219
174 222
174 226
174 238
191 172
191 186
191 192
191 195
191 201
191 205
191 219
191 221
191 226
205 174
205 219
205 226
208 127
208 172
208 186
208 191
208 195
208 201
208 205
208 219
208 221
214 4
214 6
214 12
214 24
214 27
214 28
214 29
214 31
214 43
214 44
214 45
214 66
214 131
214 147
214 199
214 222
221 164
221 192
221 208
221 222
221 226
221 238
221 243
221 247
222 172
222 186
222 191
222 195
222 201
222 219
222 221
222 247
238 164
238 174
238 208
238 222
238 226
243 233
243 247
