4 6
4 12
4 31
4 43
4 66
6 4
6 12
6 31
6 165
12 4
12 6
12 31
24 29
24 147
24 199
24 219
29 24
29 147
29 199
29 214
31 4
31 6
31 12
31 28
38 39
38 40
38 65
38 90
38 240
39 38
39 40
39 65
39 240
40 38
40 39
40 87
40 98
40 240
44 28
45 27
45 28
45 131
54 65
54 81
65 39
65 40
65 54
65 81
66 4
66 12
66 43
78 54
78 65
78 81
78 86
78 90
79 76
79 87
79 98
81 54
81 65
86 54
86 65
86 78
86 81
86 90
87 38
87 39
87 40
87 79
87 98
90 78
90 86
98 76
98 79
98 87
102 38
102 40
102 76
102 98
102 108
111 128
111 164
111 166
127 56
127 125
127 158
127 221
127 244
132 144
144 132
147 24
147 29
147 199
147 214
164 111
164 128
164 166
164 174
172 186
172 191
172 205
172 219
172 221
174 164
174 222
174 226
174 238
186 172
186 191
186 192
186 195
186 199
186 201
186 205
186 221
186 222
186 226
191 172
191 186
191 192
191 201
191 205
205 172
205 186
205 201
205 221
208 174
208 222
208 226
208 238
208 243
214 4
214 12
214 24
214 29
221 172
221 191
221 195
221 201
221 205
221 219
222 174
222 208
222 226
222 238
238 164
238 174
238 208
238 222
238 226
243 233
243 247
