4 12
6 4
6 12
6 199
12 4
12 199
24 4
24 12
24 199
24 219
29 24
29 147
29 199
29 214
31 6
31 12
38 39
38 40
38 54
38 65
38 76
38 78
38 79
38 87
38 98
38 240
39 38
39 78
39 79
39 81
39 86
39 87
39 98
39 102
39 108
39 240
40 6
40 38
40 39
40 45
40 65
40 76
40 79
40 87
40 98
40 240
44 12
44 199
45 4
45 12
54 65
54 76
54 81
54 98
65 39
65 40
65 54
65 76
65 81
65 98
66 4
66 12
78 38
78 39
78 40
78 54
78 65
78 76
78 81
78 98
79 76
79 87
79 98
81 54
81 65
81 76
81 79
81 87
81 98
86 38
86 39
86 40
86 54
86 65
86 76
86 78
86 81
86 90
86 98
87 54
87 76
87 81
87 102
87 240
90 38
90 39
90 40
90 54
90 65
90 76
90 78
90 81
90 86
90 98
98 40
98 65
98 76
98 79
98 87
98 102
102 27
102 29
102 43
102 54
102 80
102 87
102 125
102 128
102 199
102 240
111 112
111 128
111 164
111 166
127 56
127 125
127 150
127 151
127 158
127 174
127 205
127 221
127 226
127 244
132 28
132 144
144 28
144 132
147 24
147 29
147 199
147 214
164 108
164 128
164 166
164 174
172 186
172 191
172 192
172 195
172 201
172 205
172 219
172 221
172 222
172 226
174 164
174 205
174 219
174 226
174 238
191 186
191 205
205 191
208 174
208 205
208 222
208 226
214 4
214 12
214 24
214 29
214 147
214 199
221 127
221 174
222 205
238 164
238 174
238 208
238 222
238 226
