1002 1012
1002 1015
1002 1016
1002 1017
1003 1015
1003 1017
1003 1018
1003 1019
1003 1020
1004 1009
1004 1011
1004 1018
1004 1022
1004 1024
1004 1025
1005 1006
1005 1012
1005 1015
1005 1017
1005 1021
1006 1005
1006 1012
1006 1015
1006 1016
1006 1021
1009 1004
1009 1018
1009 1022
1009 1024
1012 1002
1012 1005
1012 1015
1012 1021
1015 1005
1015 1012
1015 1017
1015 1021
1016 1002
1016 1005
1016 1006
1016 1015
1016 1017
1017 1002
1017 1003
1017 1015
1017 1016
1017 1019
1018 1004
1018 1009
1018 1011
1018 1022
1018 1024
1018 1025
1019 1003
1019 1015
1019 1017
1019 1020
1020 1003
1020 1009
1020 1017
1020 1019
1020 1023
1020 1024
1021 1005
1021 1006
1021 1012
1021 1015
1022 1004
1022 1009
1022 1017
1022 1024
1023 1002
1023 1003
1023 1016
1023 1017
1023 1019
1024 1004
1024 1009
1024 1017
1024 1018
1024 1022
