1002 1012
1002 1015
1002 1016
1002 1017
1003 1015
1003 1017
1003 1018
1003 1019
1003 1020
1004 1009
1004 1018
1004 1024
1005 1012
1005 1015
1005 1016
1005 1017
1005 1019
1005 1021
1006 1002
1006 1005
1006 1012
1006 1015
1006 1016
1006 1017
1006 1019
1006 1020
1006 1021
1006 1023
1009 1004
1009 1015
1009 1018
1009 1022
1009 1024
1012 1005
1012 1015
1012 1017
1012 1022
1015 1005
1015 1012
1015 1022
1015 1023
1015 1024
1016 1002
1016 1015
1016 1017
1016 1023
1017 1012
1017 1015
1017 1022
1017 1023
1017 1024
1018 1004
1018 1009
1018 1022
1018 1024
1019 1022
1020 1003
1020 1015
1020 1017
1020 1019
1020 1023
1020 1024
1021 1005
1021 1012
1021 1015
1021 1017
1021 1023
1023 1012
1023 1015
1023 1016
1023 1017
1023 1019
1024 1015
1024 1018
1024 1022
