8004 8041
8004 8042
8004 8053
8013 8012
8013 8014
8013 8018
8013 8044
8013 8052
8013 8066
8013 8069
8013 8072
8013 8080
8014 8013
8014 8022
8014 8052
8015 8006
8015 8012
8015 8016
8015 8017
8015 8018
8015 8019
8015 8030
8015 8031
8015 8035
8015 8063
8018 8006
8018 8012
8018 8015
8018 8016
8018 8017
8018 8030
8018 8031
8018 8035
8018 8063
8019 8004
8019 8023
8019 8034
8019 8041
8019 8059
8020 8010
8020 8027
8020 8038
8023 8004
8023 8019
8023 8022
8030 8018
8030 8031
8031 8018
8031 8030
8031 8033
8033 8001
8033 8037
8033 8063
8037 8001
8037 8033
8042 8004
8042 8041
8042 8053
8043 8055
8043 8068
8043 8075
8045 8055
8045 8082
8045 8085
8054 8007
8054 8029
8054 8040
8054 8062
8054 8076
8055 8045
8055 8058
8055 8075
8057 8060
8057 8070
8057 8079
8058 8055
8058 8068
8058 8075
8059 8042
8059 8070
8059 8079
8060 8053
8060 8057
8060 8070
8062 8007
8062 8029
8062 8040
8062 8051
8062 8054
8062 8056
8062 8076
8068 8055
8068 8058
8068 8075
8070 8041
8070 8057
8070 8060
8079 8053
8079 8057
8079 8059
8080 8044
8080 8052
8080 8072
8082 8045
8082 8055
8082 8085
