4001 4005
4001 4018
4001 4064
4001 4070
4001 4079
4003 4001
4003 4009
4003 4020
4003 4027
4003 4033
4003 4034
4003 4035
4003 4047
4003 4064
4003 4081
4004 4026
4004 4027
4004 4030
4004 4031
4004 4042
4004 4052
4004 4054
4004 4056
4004 4060
4004 4061
4004 4070
4004 4071
4004 4075
4004 4080
4005 4070
4005 4079
4007 4001
4007 4012
4007 4018
4007 4028
4007 4039
4009 4034
4009 4041
4009 4057
4009 4059
4009 4066
4009 4073
4011 4001
4011 4003
4011 4004
4011 4005
4011 4007
4011 4009
4011 4012
4011 4015
4011 4016
4011 4017
4011 4018
4011 4020
4011 4022
4011 4023
4011 4024
4011 4026
4011 4027
4011 4028
4011 4029
4011 4030
4011 4031
4011 4033
4011 4034
4011 4035
4011 4039
4011 4041
4011 4042
4011 4043
4011 4044
4011 4045
4011 4080
4011 4081
4012 4011
4012 4028
4012 4070
4012 4080
4015 4017
4015 4044
4015 4048
4016 4001
4016 4003
4016 4004
4016 4005
4016 4007
4016 4009
4016 4011
4016 4012
4016 4015
4016 4017
4016 4018
4016 4020
4016 4022
4016 4023
4016 4024
4016 4026
4016 4027
4016 4028
4016 4029
4016 4030
4016 4031
4016 4033
4016 4034
4016 4035
4016 4039
4016 4041
4016 4042
4016 4043
4016 4044
4016 4045
4016 4047
4016 4048
4016 4052
4016 4054
4016 4056
4016 4057
4016 4059
4016 4060
4016 4061
4016 4064
4016 4066
4016 4067
4016 4069
4016 4070
4016 4071
4016 4073
4016 4074
4016 4075
4016 4079
4016 4080
4016 4081
4016 4086
4017 4039
4017 4044
4017 4048
4017 4052
4017 4060
4018 4001
4018 4005
4020 4001
4020 4003
4020 4004
4020 4005
4020 4007
4020 4009
4020 4011
4020 4012
4020 4015
4020 4016
4020 4017
4020 4018
4020 4022
4020 4023
4020 4024
4020 4026
4020 4027
4020 4028
4020 4029
4020 4030
4020 4031
4020 4033
4020 4034
4020 4035
4020 4039
4020 4041
4020 4042
4020 4043
4020 4044
4020 4045
4020 4047
4020 4048
4020 4052
4020 4054
4020 4056
4020 4057
4020 4059
4020 4060
4020 4061
4020 4064
4020 4066
4020 4067
4020 4069
4020 4070
4020 4071
4020 4073
4020 4074
4020 4075
4020 4079
4020 4080
4020 4081
4020 4086
4022 4011
4022 4016
4022 4020
4022 4023
4022 4024
4022 4026
4022 4027
4022 4031
4022 4033
4022 4043
4022 4060
4023 4011
4023 4016
4023 4020
4023 4022
4023 4024
4023 4026
4023 4027
4023 4031
4023 4033
4023 4060
4024 4016
4024 4020
4024 4022
4024 4023
4024 4026
4024 4027
4024 4031
4024 4060
4026 4016
4026 4022
4026 4023
4026 4024
4026 4027
4026 4031
4026 4060
4027 4022
4027 4023
4027 4024
4027 4026
4027 4031
4027 4042
4027 4060
4027 4061
4028 4007
4028 4011
4028 4029
4028 4035
4028 4080
4029 4001
4029 4005
4029 4007
4029 4012
4029 4018
4029 4028
4030 4001
4030 4004
4030 4011
4030 4012
4030 4015
4030 4017
4030 4018
4030 4020
4030 4022
4030 4023
4030 4024
4030 4026
4030 4027
4030 4028
4030 4029
4030 4031
4030 4033
4030 4042
4030 4043
4030 4045
4030 4047
4030 4056
4030 4057
4030 4060
4030 4064
4030 4066
4030 4067
4030 4069
4030 4070
4030 4071
4030 4073
4030 4074
4030 4075
4030 4079
4030 4080
4030 4081
4030 4086
4031 4022
4031 4023
4031 4024
4031 4026
4031 4027
4031 4042
4031 4060
4031 4061
4033 4003
4033 4009
4033 4011
4033 4012
4033 4015
4033 4016
4033 4017
4033 4018
4033 4020
4033 4022
4033 4023
4033 4024
4033 4026
4033 4027
4033 4028
4033 4029
4033 4030
4033 4031
4033 4034
4033 4035
4033 4039
4033 4041
4033 4042
4033 4043
4033 4044
4033 4045
4033 4047
4033 4048
4033 4052
4033 4054
4033 4056
4033 4057
4033 4059
4033 4060
4033 4061
4033 4064
4033 4066
4033 4067
4033 4069
4033 4070
4033 4071
4033 4074
4033 4075
4033 4079
4033 4080
4033 4081
4033 4086
4034 4009
4034 4041
4034 4047
4034 4057
4034 4061
4035 4003
4035 4028
4035 4079
4035 4080
4039 4015
4039 4017
4039 4044
4039 4045
4039 4048
4039 4052
4039 4054
4039 4069
4039 4073
4039 4074
4041 4009
4041 4034
4041 4047
4041 4057
4041 4059
4041 4066
4041 4073
4043 4001
4043 4003
4043 4005
4043 4007
4043 4009
4043 4011
4043 4012
4043 4015
4043 4016
4043 4017
4043 4018
4043 4020
4043 4022
4043 4023
4043 4024
4043 4026
4043 4027
4043 4028
4043 4029
4043 4030
4043 4031
4043 4033
4043 4034
4043 4035
4043 4039
4043 4041
4043 4042
4043 4044
4043 4045
4043 4047
4043 4048
4043 4052
4043 4054
4043 4056
4043 4057
4043 4059
4043 4060
4043 4064
4043 4066
4043 4067
4043 4069
4043 4070
4043 4071
4043 4073
4043 4074
4043 4075
4043 4079
4043 4080
4043 4081
4043 4086
4044 4011
4044 4020
4044 4026
4044 4027
4044 4028
4044 4031
4044 4039
4044 4047
4044 4052
4044 4054
4044 4074
4044 4075
4045 4011
4045 4048
4045 4052
4045 4054
4047 4009
4047 4034
4047 4041
4047 4057
4047 4059
4048 4015
4048 4017
4048 4044
4048 4045
4052 4001
4052 4004
4052 4011
4052 4012
4052 4015
4052 4016
4052 4017
4052 4020
4052 4026
4052 4027
4052 4028
4052 4043
4052 4044
4052 4045
4052 4048
4052 4060
4052 4070
4052 4074
4052 4080
4054 4012
4054 4015
4054 4017
4054 4039
4054 4044
4054 4045
4054 4048
4054 4052
4054 4060
4056 4003
4056 4005
4056 4007
4056 4009
4056 4011
4056 4012
4056 4015
4056 4016
4056 4017
4056 4018
4056 4020
4056 4022
4056 4023
4056 4024
4056 4026
4056 4027
4056 4028
4056 4029
4056 4031
4056 4033
4056 4034
4056 4035
4056 4039
4056 4041
4056 4042
4056 4043
4056 4044
4056 4045
4056 4047
4056 4048
4056 4052
4056 4054
4056 4057
4056 4059
4056 4060
4056 4064
4056 4066
4056 4067
4056 4069
4056 4070
4056 4071
4056 4073
4056 4074
4056 4079
4056 4080
4056 4081
4056 4086
4057 4034
4057 4041
4057 4043
4057 4047
4057 4059
4057 4066
4057 4073
4060 4001
4060 4003
4060 4004
4060 4005
4060 4007
4060 4009
4060 4011
4060 4012
4060 4017
4060 4018
4060 4020
4060 4027
4060 4028
4060 4029
4060 4030
4060 4033
4060 4034
4060 4035
4060 4039
4060 4041
4060 4042
4060 4043
4060 4044
4060 4047
4060 4052
4060 4054
4060 4056
4060 4057
4060 4059
4060 4061
4060 4064
4060 4066
4060 4067
4060 4069
4060 4070
4060 4071
4060 4073
4060 4074
4060 4075
4060 4079
4060 4080
4060 4081
4060 4086
4061 4009
4061 4027
4061 4031
4064 4007
4064 4029
4064 4070
4064 4075
4066 4033
4066 4034
4066 4041
4066 4045
4066 4047
4066 4057
4066 4059
4066 4073
4067 4001
4067 4003
4067 4004
4067 4005
4067 4007
4067 4009
4067 4011
4067 4012
4067 4015
4067 4016
4067 4017
4067 4018
4067 4020
4067 4022
4067 4023
4067 4024
4067 4026
4067 4027
4067 4028
4067 4029
4067 4030
4067 4031
4067 4033
4067 4034
4067 4035
4067 4039
4067 4041
4067 4042
4067 4043
4067 4044
4067 4045
4067 4047
4067 4048
4067 4052
4067 4054
4067 4056
4067 4057
4067 4059
4067 4060
4067 4061
4067 4064
4067 4066
4067 4069
4067 4070
4067 4071
4067 4073
4067 4074
4067 4075
4067 4079
4067 4080
4067 4081
4067 4086
4069 4003
4069 4011
4069 4012
4069 4016
4069 4033
4069 4043
4069 4073
4070 4001
4070 4005
4070 4007
4070 4012
4070 4018
4070 4027
4070 4028
4070 4029
4070 4080
4071 4004
4071 4056
4071 4075
4073 4041
4073 4069
4074 4005
4074 4007
4074 4009
4074 4012
4074 4015
4074 4017
4074 4018
4074 4020
4074 4022
4074 4023
4074 4024
4074 4026
4074 4027
4074 4028
4074 4029
4074 4030
4074 4033
4074 4034
4074 4035
4074 4039
4074 4041
4074 4042
4074 4043
4074 4044
4074 4045
4074 4047
4074 4048
4074 4052
4074 4054
4074 4056
4074 4057
4074 4059
4074 4060
4074 4061
4074 4064
4074 4066
4074 4067
4074 4069
4074 4070
4074 4071
4074 4073
4074 4079
4074 4080
4074 4081
4074 4086
4075 4026
4075 4027
4075 4031
4075 4042
4075 4061
4075 4070
4079 4001
4079 4012
4079 4018
4079 4020
4079 4028
4079 4035
4080 4001
4080 4003
4080 4005
4080 4007
4080 4009
4080 4015
4080 4016
4080 4017
4080 4018
4080 4020
4080 4022
4080 4023
4080 4024
4080 4026
4080 4027
4080 4028
4080 4029
4080 4030
4080 4031
4080 4033
4080 4034
4080 4035
4080 4039
4080 4041
4080 4042
4080 4043
4080 4044
4080 4045
4080 4047
4080 4048
4080 4056
4080 4057
4080 4059
4080 4060
4080 4061
4080 4064
4080 4066
4080 4067
4080 4069
4080 4070
4080 4071
4080 4073
4080 4074
4080 4079
4080 4081
4080 4086
4081 4060
