4004 4006
4004 4007
4004 4017
4004 4020
4004 4021
4004 4033
4004 4040
4004 4042
4004 4045
4004 4052
4004 4053
4004 4054
4004 4058
4006 4004
4006 4007
4006 4008
4006 4017
4006 4018
4006 4020
4006 4021
4006 4022
4006 4025
4006 4026
4006 4029
4006 4030
4006 4033
4006 4037
4006 4040
4006 4041
4006 4042
4006 4043
4006 4045
4006 4046
4006 4047
4006 4048
4006 4052
4006 4053
4006 4054
4006 4058
4006 4060
4006 4064
4007 4003
4007 4006
4007 4008
4007 4020
4007 4025
4007 4026
4007 4030
4007 4037
4007 4040
4007 4041
4007 4042
4007 4043
4007 4045
4007 4047
4007 4048
4007 4049
4007 4052
4007 4058
4007 4064
4008 4003
4008 4021
4008 4029
4008 4033
4008 4037
4008 4042
4008 4046
4008 4047
4008 4053
4015 4003
4015 4006
4015 4020
4015 4021
4015 4040
4015 4052
4015 4053
4015 4060
4017 4006
4017 4021
4017 4033
4017 4040
4017 4042
4018 4006
4018 4021
4018 4022
4018 4030
4018 4033
4018 4048
4018 4064
4020 4007
4020 4008
4020 4015
4020 4017
4020 4021
4020 4022
4020 4025
4020 4026
4020 4029
4020 4030
4020 4037
4020 4040
4020 4042
4020 4045
4020 4046
4020 4047
4020 4048
4020 4052
4020 4053
4020 4054
4020 4057
4020 4058
4021 4003
4021 4004
4021 4008
4021 4015
4021 4017
4021 4018
4021 4020
4021 4022
4021 4025
4021 4026
4021 4029
4021 4030
4021 4037
4021 4040
4021 4041
4021 4042
4021 4043
4021 4045
4021 4046
4021 4047
4021 4048
4021 4049
4021 4052
4021 4054
4021 4057
4021 4058
4021 4060
4021 4064
4022 4004
4022 4006
4022 4017
4022 4018
4022 4020
4022 4021
4022 4025
4022 4026
4022 4030
4022 4033
4022 4040
4022 4041
4022 4042
4022 4043
4022 4045
4022 4048
4022 4049
4022 4052
4022 4053
4022 4054
4022 4057
4022 4058
4022 4060
4022 4064
4025 4017
4025 4020
4025 4033
4025 4041
4025 4042
4025 4045
4025 4049
4026 4006
4026 4007
4026 4015
4026 4018
4026 4045
4026 4060
4029 4007
4029 4008
4029 4015
4029 4017
4029 4020
4029 4021
4029 4022
4029 4026
4029 4030
4029 4037
4029 4040
4029 4046
4029 4047
4029 4048
4029 4052
4029 4054
4029 4058
4029 4060
4029 4064
4030 4003
4030 4006
4030 4017
4030 4018
4030 4020
4030 4022
4030 4026
4030 4042
4030 4043
4030 4046
4030 4047
4033 4003
4033 4006
4033 4015
4033 4017
4033 4018
4033 4022
4033 4025
4033 4026
4033 4030
4033 4045
4033 4047
4033 4058
4037 4007
4037 4008
4037 4015
4037 4021
4037 4022
4037 4029
4037 4030
4037 4040
4037 4046
4037 4047
4040 4020
4040 4021
4040 4033
4040 4041
4040 4042
4040 4054
4041 4006
4041 4007
4041 4008
4041 4015
4041 4017
4041 4018
4041 4020
4041 4021
4041 4022
4041 4025
4041 4026
4041 4029
4041 4030
4041 4033
4041 4037
4041 4040
4041 4042
4041 4043
4041 4045
4041 4046
4041 4047
4041 4048
4041 4052
4041 4053
4041 4054
4041 4058
4041 4060
4041 4064
4042 4003
4042 4004
4042 4006
4042 4007
4042 4008
4042 4015
4042 4018
4042 4025
4042 4026
4042 4029
4042 4033
4042 4037
4042 4040
4042 4041
4042 4043
4042 4047
4042 4048
4042 4049
4042 4052
4042 4057
4042 4058
4042 4060
4042 4064
4043 4007
4043 4017
4043 4030
4043 4041
4043 4045
4043 4046
4043 4048
4043 4060
4043 4064
4045 4004
4045 4006
4045 4017
4045 4020
4045 4021
4045 4030
4045 4040
4045 4042
4045 4053
4045 4054
4046 4003
4046 4007
4046 4008
4046 4015
4046 4020
4046 4021
4046 4022
4046 4026
4046 4029
4046 4037
4046 4041
4046 4042
4046 4043
4046 4048
4046 4052
4046 4060
4047 4007
4047 4008
4047 4015
4047 4017
4047 4020
4047 4021
4047 4022
4047 4026
4047 4029
4047 4030
4047 4033
4047 4037
4047 4040
4047 4041
4047 4042
4047 4045
4047 4046
4047 4048
4047 4053
4047 4064
4048 4003
4048 4006
4048 4007
4048 4017
4048 4018
4048 4020
4048 4022
4048 4026
4048 4029
4048 4030
4048 4037
4048 4041
4048 4043
4048 4046
4048 4047
4048 4060
4048 4064
4052 4017
4052 4049
4052 4058
4053 4004
4053 4017
4053 4020
4053 4021
4053 4033
4053 4042
4053 4045
4053 4054
4054 4004
4054 4006
4054 4007
4054 4017
4054 4020
4054 4021
4054 4025
4054 4030
4054 4040
4054 4042
4054 4045
4054 4052
4054 4053
4054 4058
4057 4007
4057 4008
4057 4017
4057 4042
4057 4045
4057 4053
4057 4058
4060 4004
4060 4006
4060 4007
4060 4008
4060 4015
4060 4017
4060 4018
4060 4020
4060 4021
4060 4022
4060 4025
4060 4026
4060 4029
4060 4030
4060 4033
4060 4037
4060 4040
4060 4041
4060 4042
4060 4043
4060 4045
4060 4046
4060 4047
4060 4048
4060 4052
4060 4053
4060 4054
4060 4057
4060 4058
4060 4064
4064 4003
4064 4006
4064 4007
4064 4018
4064 4020
4064 4022
4064 4025
4064 4041
4064 4045
4064 4046
4064 4047
4064 4049
4064 4052
