104001 104002
104001 104003
104001 104004
104001 104006
104001 104008
104001 104009
104001 104013
104001 104015
104001 104016
104001 104017
104001 104018
104001 104022
104001 104027
104001 104028
104001 104031
104001 104033
104001 104035
104001 104038
104001 104040
104001 104041
104001 104042
104001 104044
104001 104052
104001 104603
104002 104001
104002 104003
104002 104004
104002 104006
104002 104008
104002 104009
104002 104010
104002 104013
104002 104014
104002 104015
104002 104016
104002 104017
104002 104018
104002 104019
104002 104020
104002 104021
104002 104022
104002 104027
104002 104028
104002 104030
104002 104031
104002 104032
104002 104033
104002 104035
104002 104036
104002 104037
104002 104038
104002 104039
104002 104040
104002 104041
104002 104042
104002 104043
104002 104044
104002 104045
104002 104046
104002 104051
104002 104052
104002 104600
104002 104603
104002 104606
104002 104607
104003 104001
104003 104002
104003 104004
104003 104006
104003 104008
104003 104009
104003 104010
104003 104013
104003 104014
104003 104015
104003 104016
104003 104017
104003 104018
104003 104019
104003 104020
104003 104021
104003 104022
104003 104027
104003 104028
104003 104030
104003 104031
104003 104032
104003 104033
104003 104035
104003 104036
104003 104037
104003 104038
104003 104039
104003 104040
104003 104041
104003 104042
104003 104043
104003 104044
104003 104045
104003 104046
104003 104050
104003 104051
104003 104052
104003 104600
104003 104603
104003 104606
104003 104607
104003 404001
104003 404002
104003 404003
104003 404004
104003 404005
104003 404006
104003 404007
104003 404009
104003 404010
104003 404012
104003 404013
104003 404014
104003 404015
104003 404016
104003 404017
104003 404018
104003 404019
104003 404020
104004 104001
104004 104002
104004 104003
104004 104006
104004 104008
104004 104009
104004 104010
104004 104013
104004 104014
104004 104015
104004 104016
104004 104017
104004 104018
104004 104019
104004 104020
104004 104021
104004 104022
104004 104027
104004 104028
104004 104030
104004 104031
104004 104032
104004 104033
104004 104035
104004 104036
104004 104037
104004 104038
104004 104039
104004 104040
104004 104041
104004 104042
104004 104043
104004 104044
104004 104045
104004 104046
104004 104050
104004 104051
104004 104052
104004 104600
104004 104603
104004 104606
104004 104607
104006 104001
104006 104003
104006 104008
104006 104009
104006 104013
104006 104016
104006 104017
104006 104018
104006 104031
104006 104033
104006 104035
104006 104038
104006 104040
104006 104052
104006 104603
104008 104002
104008 104004
104008 104013
104008 104014
104008 104015
104008 104016
104008 104017
104008 104018
104008 104019
104008 104020
104008 104021
104008 104022
104008 104027
104008 104028
104008 104030
104008 104031
104008 104032
104008 104033
104008 104035
104008 104036
104008 104037
104008 104038
104008 104039
104008 104040
104008 104041
104008 104042
104008 104043
104008 104044
104008 104045
104008 104046
104008 104050
104008 104051
104008 104052
104008 104600
104008 104603
104008 104606
104008 104607
104008 404001
104008 404002
104008 404003
104008 404004
104008 404005
104008 404006
104008 404007
104008 404009
104008 404010
104008 404012
104008 404013
104008 404014
104008 404015
104008 404016
104008 404017
104008 404018
104008 404019
104008 404020
104009 104001
104009 104002
104009 104004
104009 104010
104009 104013
104009 104014
104009 104015
104009 104017
104009 104018
104009 104019
104009 104020
104009 104021
104009 104022
104009 104027
104009 104028
104009 104030
104009 104031
104009 104032
104009 104033
104009 104035
104009 104036
104009 104037
104009 104038
104009 104039
104009 104040
104009 104041
104009 104042
104009 104043
104009 104044
104009 104045
104009 104046
104009 104050
104009 104051
104009 104600
104009 104603
104009 104606
104009 104607
104009 404001
104009 404002
104009 404003
104009 404004
104009 404005
104009 404006
104009 404007
104009 404009
104009 404010
104009 404012
104009 404013
104009 404014
104009 404015
104009 404016
104009 404017
104009 404018
104009 404019
104009 404020
104010 104041
104010 104043
104010 404001
104010 404002
104010 404003
104010 404004
104010 404005
104010 404006
104010 404007
104010 404009
104010 404010
104010 404012
104010 404013
104010 404014
104010 404015
104010 404016
104010 404017
104010 404018
104010 404019
104010 404020
104013 104001
104013 104002
104013 104003
104013 104004
104013 104006
104013 104008
104013 104009
104013 104010
104013 104014
104013 104015
104013 104016
104013 104017
104013 104018
104013 104019
104013 104020
104013 104021
104013 104022
104013 104027
104013 104028
104013 104030
104013 104031
104013 104032
104013 104033
104013 104035
104013 104036
104013 104037
104013 104038
104013 104039
104013 104040
104013 104041
104013 104042
104013 104043
104013 104044
104013 104045
104013 104046
104013 104050
104013 104051
104013 104052
104013 104600
104013 104603
104013 104606
104013 104607
104013 404001
104013 404002
104013 404003
104013 404004
104013 404005
104013 404006
104013 404007
104013 404009
104013 404010
104013 404012
104013 404013
104013 404014
104013 404015
104013 404016
104013 404017
104013 404018
104013 404019
104013 404020
104015 104013
104015 104022
104015 104027
104015 104028
104015 104042
104015 104044
104015 104051
104015 104607
104016 104001
104016 104003
104016 104006
104016 104008
104016 104009
104016 104013
104016 104017
104016 104018
104016 104031
104016 104033
104016 104035
104016 104038
104016 104040
104016 104052
104016 104603
104017 104001
104017 104003
104017 104008
104017 104013
104017 104016
104017 104018
104017 104033
104017 104036
104017 104052
104018 104001
104018 104002
104018 104003
104018 104004
104018 104006
104018 104008
104018 104009
104018 104013
104018 104014
104018 104015
104018 104016
104018 104017
104018 104019
104018 104020
104018 104021
104018 104022
104018 104027
104018 104028
104018 104030
104018 104031
104018 104032
104018 104033
104018 104035
104018 104036
104018 104037
104018 104038
104018 104039
104018 104040
104018 104041
104018 104042
104018 104043
104018 104044
104018 104045
104018 104046
104018 104050
104018 104051
104018 104052
104018 104600
104018 104603
104018 104606
104018 104607
104018 404001
104018 404002
104018 404003
104018 404004
104018 404005
104018 404006
104018 404007
104018 404009
104018 404010
104018 404012
104018 404013
104018 404014
104018 404015
104018 404016
104018 404017
104018 404018
104018 404019
104018 404020
104020 104033
104020 104035
104020 104038
104020 104040
104021 104010
104021 104036
104021 104037
104021 104039
104021 104041
104021 104043
104021 104046
104022 104001
104022 104004
104022 104015
104022 104032
104022 104607
104027 104001
104027 104002
104027 104004
104027 104015
104027 104022
104027 104028
104027 104030
104027 104032
104027 104044
104027 104051
104027 104607
104028 104001
104028 104002
104028 104003
104028 104004
104028 104006
104028 104008
104028 104009
104028 104010
104028 104013
104028 104014
104028 104015
104028 104016
104028 104017
104028 104018
104028 104019
104028 104020
104028 104021
104028 104022
104028 104027
104028 104030
104028 104032
104028 104033
104028 104035
104028 104036
104028 104042
104030 104022
104030 104027
104030 104028
104030 104607
104031 104001
104031 104002
104031 104003
104031 104004
104031 104006
104031 104008
104031 104009
104031 104013
104031 104016
104031 104017
104031 104018
104031 104021
104031 104022
104031 104028
104031 104030
104031 104032
104031 104033
104031 104035
104031 104036
104031 104041
104031 104042
104031 104052
104031 104603
104032 104022
104032 104027
104032 104028
104032 104042
104032 104044
104032 104051
104032 104607
104033 104001
104033 104002
104033 104003
104033 104004
104033 104006
104033 104008
104033 104009
104033 104010
104033 104013
104033 104014
104033 104015
104033 104016
104033 104017
104033 104018
104033 104019
104033 104020
104033 104021
104033 104022
104033 104027
104033 104028
104033 104030
104033 104031
104033 104032
104033 104035
104033 104036
104033 104037
104033 104038
104033 104039
104033 104040
104033 104041
104033 104042
104033 104043
104033 104044
104033 104045
104033 104046
104033 104050
104033 104051
104033 104052
104033 104600
104033 104603
104033 104606
104033 104607
104035 104020
104035 104033
104035 104038
104035 104040
104036 104001
104036 104002
104036 104003
104036 104004
104036 104006
104036 104008
104036 104009
104036 104010
104036 104013
104036 104014
104036 104015
104036 104016
104036 104017
104036 104018
104036 104019
104036 104020
104036 104022
104036 104030
104036 104031
104036 104032
104036 104033
104036 104035
104036 104037
104036 104038
104036 104039
104036 104040
104038 104020
104038 104031
104038 104033
104038 104035
104038 104040
104039 104043
104041 104010
104041 104043
104042 104001
104042 104015
104042 104021
104042 104036
104042 104046
104042 404002
104042 404005
104042 404007
104042 404014
104043 104001
104043 104002
104043 104003
104043 104004
104043 104006
104043 104008
104043 104009
104043 104013
104043 104014
104043 104015
104043 104016
104043 104017
104043 104018
104043 104019
104043 104020
104043 104022
104043 104027
104043 104028
104043 104030
104043 104031
104043 104032
104043 104033
104043 104035
104043 104038
104043 104040
104043 104042
104043 104044
104043 104045
104043 104050
104043 104051
104043 104052
104043 104600
104043 104603
104043 104606
104043 104607
104043 404001
104043 404002
104043 404003
104043 404004
104043 404005
104043 404006
104043 404007
104043 404009
104043 404010
104043 404012
104043 404013
104043 404014
104043 404015
104043 404016
104043 404017
104043 404018
104043 404019
104043 404020
104044 104001
104044 104002
104044 104003
104044 104004
104044 104015
104044 104022
104044 104027
104044 104028
104044 104030
104044 104032
104044 104041
104044 104042
104044 104051
104044 104607
104045 104050
104045 104600
104045 104606
104045 404001
104045 404002
104045 404003
104045 404004
104045 404005
104045 404006
104045 404007
104045 404009
104045 404010
104045 404012
104045 404013
104045 404014
104045 404015
104045 404016
104045 404017
104045 404018
104045 404019
104045 404020
104046 104010
104046 104021
104046 104036
104046 104037
104046 104041
104046 104043
104050 104003
104050 104004
104050 104008
104050 104018
104050 104043
104050 104045
104050 104052
104051 104001
104051 104002
104051 104004
104051 104015
104051 104022
104051 104027
104051 104028
104051 104030
104051 104032
104051 104042
104051 104044
104051 104607
104052 104001
104052 104002
104052 104003
104052 104004
104052 104006
104052 104008
104052 104009
104052 104010
104052 104013
104052 104014
104052 104015
104052 104016
104052 104017
104052 104018
104052 104019
104052 104020
104052 104021
104052 104022
104052 104027
104052 104028
104052 104030
104052 104031
104052 104032
104052 104033
104052 104035
104052 104036
104052 104037
104052 104038
104052 104039
104052 104040
104052 104041
104052 104042
104052 104043
104052 104044
104052 104045
104052 104046
104052 104050
104052 104051
104052 104600
104052 104603
104052 104606
104052 104607
104600 104001
104600 104002
104600 104003
104600 104004
104600 104006
104600 104041
104600 104042
104600 104043
104600 104044
104600 104046
104600 104051
104600 104052
104600 104607
104600 404001
104600 404002
104600 404003
104600 404004
104600 404005
104600 404006
104600 404007
104600 404009
104600 404010
104600 404012
104600 404013
104600 404014
104600 404015
104600 404016
104600 404017
104600 404018
104600 404019
104600 404020
104603 104001
104603 104002
104603 104003
104603 104008
104603 104009
104603 104013
104603 104015
104603 104016
104603 104017
104603 104018
104603 104019
104603 104021
104603 104028
104603 104031
104603 104033
104603 104035
104603 104036
104603 104038
104603 104041
104603 104042
104603 104045
104603 104046
104603 104050
104603 104052
104603 104600
104603 104606
104603 104607
104606 104035
104606 104036
104606 104037
104606 104038
104606 104039
104606 104040
104606 104045
104606 104050
104606 104600
104606 404001
104606 404002
104606 404003
104606 404004
104606 404005
104606 404006
104606 404007
104606 404009
104606 404010
104606 404012
104606 404013
104606 404014
104606 404015
104606 404016
104606 404017
104606 404018
104606 404019
104606 404020
104607 104003
104607 104004
104607 104015
104607 104018
104607 104022
104607 104027
104607 104028
104607 104032
104607 104033
404001 404002
404001 404003
404001 404004
404001 404005
404001 404006
404001 404007
404001 404009
404001 404010
404001 404012
404001 404013
404001 404014
404001 404015
404001 404016
404001 404017
404001 404018
404001 404019
404001 404020
404002 404001
404002 404003
404002 404004
404002 404005
404002 404006
404002 404007
404002 404009
404002 404010
404002 404012
404002 404013
404002 404014
404002 404015
404002 404016
404002 404017
404002 404018
404002 404019
404002 404020
404003 404004
404003 404005
404003 404009
404003 404013
404003 404014
404003 404015
404003 404016
404003 404017
404003 404018
404003 404019
404003 404020
404004 404001
404004 404002
404004 404003
404004 404005
404004 404006
404004 404007
404004 404009
404004 404010
404004 404012
404004 404013
404004 404014
404004 404015
404004 404016
404004 404017
404004 404018
404004 404019
404004 404020
404005 404001
404005 404002
404005 404003
404005 404004
404005 404006
404005 404007
404005 404009
404005 404010
404005 404012
404005 404013
404005 404014
404005 404015
404005 404016
404005 404017
404005 404018
404005 404019
404005 404020
404006 404001
404006 404002
404006 404003
404006 404004
404006 404005
404006 404007
404006 404009
404006 404010
404006 404012
404006 404013
404006 404014
404006 404015
404006 404016
404006 404017
404006 404018
404006 404019
404006 404020
404007 404001
404007 404002
404007 404003
404007 404004
404007 404005
404007 404006
404007 404009
404007 404010
404007 404012
404007 404013
404007 404014
404007 404015
404007 404016
404007 404017
404007 404018
404007 404019
404007 404020
404009 404007
404009 404012
404009 404013
404009 404014
404009 404020
404010 404001
404010 404002
404010 404003
404010 404004
404010 404005
404010 404006
404010 404007
404010 404009
404010 404012
404010 404013
404010 404014
404010 404015
404010 404016
404010 404017
404010 404018
404010 404019
404010 404020
404012 404001
404012 404002
404012 404003
404012 404004
404012 404005
404012 404006
404012 404007
404012 404009
404012 404010
404012 404013
404012 404014
404012 404015
404012 404016
404012 404017
404012 404018
404012 404019
404012 404020
404013 404001
404013 404002
404013 404003
404013 404004
404013 404005
404013 404006
404013 404007
404013 404009
404013 404010
404013 404012
404013 404014
404013 404015
404013 404016
404013 404017
404013 404018
404013 404019
404013 404020
404014 404001
404014 404002
404014 404003
404014 404004
404014 404005
404014 404006
404014 404007
404014 404009
404014 404010
404014 404012
404014 404013
404014 404015
404014 404016
404014 404017
404014 404018
404014 404019
404014 404020
404015 404001
404015 404002
404015 404003
404015 404004
404015 404006
404015 404007
404015 404009
404015 404010
404015 404012
404015 404019
404015 404020
404016 404001
404016 404002
404016 404003
404016 404004
404016 404005
404016 404006
404016 404007
404016 404009
404016 404010
404016 404012
404016 404013
404016 404014
404016 404015
404016 404017
404016 404018
404016 404019
404016 404020
404017 404001
404017 404002
404017 404003
404017 404004
404017 404006
404017 404007
404017 404009
404017 404010
404017 404012
404017 404019
404017 404020
404018 404001
404018 404002
404018 404003
404018 404004
404018 404005
404018 404006
404018 404007
404018 404009
404018 404010
404018 404012
404018 404013
404018 404014
404018 404015
404018 404016
404018 404017
404018 404019
404018 404020
404019 404002
404019 404003
404019 404004
404019 404005
404019 404007
404019 404010
404019 404012
404019 404013
404019 404014
404019 404015
404019 404016
404019 404018
404019 404020
404020 404001
404020 404002
404020 404003
404020 404004
404020 404005
404020 404006
404020 404007
404020 404009
404020 404010
404020 404012
404020 404013
404020 404014
404020 404015
404020 404016
404020 404017
404020 404018
404020 404019
