104001 104002
104001 104006
104001 104042
104002 104001
104002 104004
104002 104015
104002 104027
104002 104032
104002 104041
104002 104043
104002 104607
104003 104001
104004 104001
104004 104032
104006 104001
104008 104001
104009 104001
104010 104041
104010 104043
104013 104001
104013 104002
104013 104003
104013 104004
104013 104015
104013 104016
104013 104018
104013 104022
104013 104028
104013 104031
104013 104042
104015 104001
104016 104001
104017 104001
104017 104006
104018 104001
104020 104001
104021 104041
104021 104043
104022 104001
104027 104001
104027 104041
104030 104001
104030 104032
104031 104001
104031 104002
104031 104003
104031 104006
104031 104009
104031 104016
104031 104022
104031 104028
104031 104032
104032 104001
104032 104027
104032 104607
104033 104001
104033 104006
104033 104020
104035 104001
104039 104041
104039 104043
104041 104010
104041 104043
104042 104001
104043 104041
104044 104001
104044 104002
104044 104027
104044 104032
104044 104041
104044 104042
104044 104607
104045 104020
104045 104040
104050 104001
104050 104045
104051 104001
104051 104032
104052 104001
104603 104001
104603 104006
104606 104045
104606 404001
104606 404002
104606 404007
104606 404012
104607 104001
404001 404006
404002 404001
404002 404006
404002 404010
404002 404012
404004 404001
404004 404002
404004 404006
404004 404010
404004 404012
404004 404013
404005 104046
404005 104051
404005 404010
404005 404012
404005 404013
404005 404014
404005 404015
404005 404016
404005 404017
404005 404018
404005 404019
404005 404020
404006 404001
404006 404010
404006 404012
404007 404001
404007 404002
404007 404006
404007 404010
404007 404012
404007 404014
404009 404019
404010 404001
404010 404006
404010 404020
404012 404001
404012 404006
404012 404010
404012 404014
404013 404004
404013 404006
404013 404012
404013 404014
404014 404004
404014 404005
404014 404006
404014 404012
404014 404013
404015 404001
404015 404004
404015 404005
404015 404014
404015 404016
404015 404017
404015 404018
404016 404005
404016 404018
404018 404005
404018 404006
404018 404007
404018 404010
404018 404012
404018 404014
404018 404016
404018 404017
404018 404019
404018 404020
404019 404001
404019 404006
404020 404001
404020 404004
404020 404006
404020 404010
404020 404013
