4001 4004
4001 4018
4001 4031
4001 4070
4001 4075
4003 4004
4003 4012
4003 4024
4004 4031
4004 4060
4004 4071
4004 4075
4005 4070
4007 4070
4009 4034
4009 4041
4009 4057
4009 4059
4009 4066
4009 4073
4011 4001
4011 4012
4011 4080
4012 4080
4015 4001
4015 4043
4016 4031
4017 4015
4018 4001
4018 4070
4022 4026
4022 4031
4023 4031
4024 4022
4024 4023
4024 4026
4024 4027
4024 4031
4026 4004
4026 4016
4026 4031
4027 4026
4027 4031
4029 4070
4030 4004
4030 4056
4030 4071
4030 4075
4031 4004
4033 4001
4033 4004
4033 4042
4034 4009
4034 4041
4034 4047
4034 4057
4034 4061
4035 4030
4035 4056
4039 4001
4039 4012
4043 4004
4043 4033
4043 4061
4043 4067
4044 4004
4045 4031
4045 4052
4045 4060
4045 4066
4047 4042
4047 4052
4047 4059
4047 4073
4047 4074
4048 4060
4052 4004
4052 4012
4054 4012
4054 4052
4056 4004
4056 4030
4056 4071
4056 4075
4057 4009
4057 4034
4057 4041
4057 4043
4057 4047
4057 4059
4057 4066
4060 4022
4060 4023
4060 4024
4060 4026
4060 4031
4064 4012
4066 4034
4066 4041
4066 4045
4066 4047
4070 4012
4071 4004
4071 4075
4073 4001
4073 4004
4073 4034
4073 4042
4074 4001
4074 4004
4074 4016
4074 4075
4075 4030
4075 4056
4075 4071
4080 4004
4080 4011
4080 4012
4080 4052
4080 4054
4080 4070
4081 4001
4081 4012
