2 6
2 40
2 45
3 4
3 26
3 47
3 62
3 78
3 79
4 1
4 3
4 6
4 10
4 11
4 14
4 19
4 21
4 24
4 30
4 38
4 47
4 49
4 60
4 63
4 67
4 70
4 74
4 80
4 91
6 8
6 27
6 45
6 52
6 76
6 83
7 29
8 6
8 27
8 45
8 52
8 76
8 83
9 1
9 4
9 6
9 13
9 82
13 2
13 54
13 80
15 16
15 20
15 28
15 41
15 70
16 15
16 30
16 38
16 40
16 41
16 62
16 69
19 14
19 26
19 56
19 59
20 63
20 78
24 8
24 20
26 3
26 40
26 56
26 63
26 65
26 79
27 8
27 13
27 14
27 45
27 76
27 83
29 7
29 21
29 44
29 47
29 58
30 16
30 38
30 41
30 62
30 69
38 3
38 4
38 10
38 11
38 16
38 24
38 30
38 49
38 51
38 52
38 63
38 65
38 69
38 74
38 80
38 91
41 9
41 15
41 16
41 30
41 40
41 50
41 62
41 69
41 70
41 72
41 78
45 8
45 27
45 52
45 76
45 83
47 1
47 2
47 3
47 4
47 44
50 1
50 2
50 6
50 13
50 14
50 15
50 16
50 28
50 29
50 38
50 41
50 54
50 62
50 67
50 68
50 69
50 72
50 75
54 13
54 29
56 14
56 19
56 26
56 59
58 1
58 2
58 4
58 6
58 9
58 13
58 15
58 19
58 29
58 38
58 40
58 41
58 44
58 47
58 52
58 54
58 59
58 60
58 63
58 67
58 68
58 75
58 79
58 83
59 14
59 19
59 26
59 56
60 82
60 91
62 1
62 2
62 3
62 8
62 9
62 13
62 14
62 15
62 16
62 24
62 27
62 28
62 30
62 40
62 41
62 49
62 50
62 63
62 68
62 69
62 70
62 72
62 74
62 78
62 79
62 80
62 91
68 58
68 62
68 72
69 6
69 15
69 16
69 30
69 41
69 50
69 62
69 63
69 70
70 49
70 74
70 79
72 1
72 2
72 6
72 9
72 27
72 40
72 50
72 62
72 68
72 69
72 73
72 75
72 78
72 89
76 6
76 8
76 27
76 45
76 52
76 89
78 3
78 6
78 13
78 16
78 20
78 23
78 40
78 41
78 62
78 63
78 67
78 69
78 71
78 72
78 79
79 3
79 26
79 40
79 56
79 63
80 4
80 10
80 11
80 24
80 30
80 38
80 49
80 63
80 91
83 6
83 7
83 8
83 27
83 45
83 52
83 76
89 1
89 20
89 28
89 30
89 40
89 41
89 44
89 51
89 63
89 67
