3 5
3 12
3 66
5 12
5 23
5 31
5 39
5 66
9 10
9 51
9 59
9 61
9 80
9 81
10 9
10 23
10 39
10 51
10 59
10 61
10 80
11 15
11 18
11 24
11 33
11 38
18 11
18 15
18 24
18 33
18 38
23 5
23 10
23 12
23 31
23 39
23 40
24 11
24 15
24 18
24 33
24 38
24 45
24 84
25 3
25 18
25 31
25 37
28 41
28 42
28 53
28 55
28 65
31 5
32 40
33 11
33 15
33 18
33 24
33 38
38 11
38 18
38 24
38 33
38 45
39 5
39 10
39 12
39 23
39 66
40 32
41 28
41 42
41 53
41 55
41 65
42 28
42 41
42 53
42 55
42 65
45 38
48 2
48 26
48 76
48 82
51 9
51 10
51 59
56 14
56 26
56 49
56 58
56 62
58 49
58 56
58 62
59 9
59 51
59 61
59 80
59 81
61 9
61 10
61 51
61 59
61 80
61 81
65 28
65 41
65 42
65 53
65 55
66 5
66 12
66 31
66 39
84 11
84 15
84 18
84 24
84 33
84 38
84 45
85 69
