2 6
2 76
3 15
3 63
3 79
4 6
4 10
4 11
4 21
4 24
4 38
4 49
4 63
4 80
4 91
6 47
7 27
7 45
8 7
8 27
8 45
8 76
8 83
9 21
9 47
9 52
9 58
9 72
13 6
13 26
13 27
13 29
13 54
15 2
15 3
15 70
15 79
16 15
16 28
16 29
16 30
16 41
16 62
16 69
19 14
19 26
19 56
19 59
20 29
20 30
20 74
21 9
21 47
21 58
24 2
24 4
24 10
24 11
24 30
24 38
24 49
24 63
24 74
24 80
24 91
26 14
26 19
26 56
26 59
27 7
27 8
27 45
27 76
27 83
29 7
29 13
29 54
30 11
30 16
30 20
30 28
30 41
30 70
30 74
30 91
38 4
38 10
38 11
38 80
38 91
41 16
41 62
41 69
45 7
45 8
45 27
45 76
45 83
47 2
47 6
47 9
47 21
47 52
47 58
49 4
49 10
49 24
49 30
49 38
49 74
49 79
49 80
49 91
50 9
50 29
50 72
50 75
50 78
54 13
56 14
56 19
56 26
56 59
58 9
58 21
58 44
58 47
59 14
59 19
59 26
59 56
60 23
60 51
60 52
60 65
62 16
62 41
62 69
63 1
63 2
63 3
63 4
63 7
68 78
69 16
69 30
69 41
69 62
70 15
70 30
70 79
72 9
72 50
72 73
72 75
72 78
74 20
74 30
74 40
74 49
74 50
74 51
74 70
74 82
74 89
74 91
76 7
76 8
76 27
76 45
76 83
78 28
78 50
78 68
78 73
78 89
79 2
79 3
79 15
79 70
80 4
80 10
80 11
80 24
80 30
80 38
80 49
80 63
80 91
83 8
83 27
83 45
83 76
89 50
89 68
89 71
89 72
89 78
