2 6
2 76
3 2
3 62
3 79
4 3
4 6
4 30
6 2
8 68
9 50
9 72
13 6
13 26
13 27
13 29
13 54
15 2
15 3
15 62
15 79
16 62
20 30
20 62
24 30
26 19
26 56
29 2
29 6
29 7
29 13
29 54
30 62
38 3
38 4
38 10
38 11
38 24
38 30
38 65
38 80
38 91
41 62
45 7
45 8
45 27
47 6
47 21
49 63
49 70
50 9
50 72
50 78
54 6
54 26
54 27
54 29
56 26
58 6
58 9
58 44
58 47
58 82
60 59
62 8
62 69
63 10
63 19
63 20
63 24
63 51
63 52
68 3
68 6
68 20
69 6
69 62
70 2
70 3
72 1
72 6
72 9
72 27
72 50
72 62
72 68
72 69
72 78
72 89
74 70
76 2
76 79
78 3
78 6
78 20
78 23
78 28
78 40
78 50
78 62
78 69
78 71
78 79
78 89
79 2
79 3
79 70
83 8
83 27
