3113 3078
3113 3090
3113 3097
3113 3102
3113 3107
3113 3110
3113 3112
3113 3115
3113 3119
3113 3121
3113 3122
3113 3129
3113 3130
3113 3139
3113 3151
3113 3153
3122 3029
3122 3092
3122 3093
3122 3108
3122 3110
3122 3112
3123 3078
3123 3086
3123 3100
3123 3102
3123 3107
3123 3110
3123 3112
3123 3117
3123 3119
3123 3121
3123 3122
3123 3129
3123 3130
3123 3139
3123 3151
3123 3153
3090 3062
3090 3078
3090 3082
3090 3086
3090 3092
3090 3102
3090 3107
3090 3113
3090 3122
3090 3124
3090 3140
3124 3078
3124 3086
3124 3090
3124 3112
3124 3113
3124 3115
3124 3119
3124 3121
3124 3129
3124 3130
3124 3139
3124 3151
3124 3153
3100 3078
3100 3082
3100 3102
3100 3112
3100 3115
3100 3119
3100 3158
3140 3078
3140 3090
3140 3129
3140 3130
3140 3139
3140 3151
3140 3162
3140 3163
3074 3005
3074 3022
3074 3071
3074 3072
3074 3092
3074 3112
3107 3079
3107 3082
3107 3086
3107 3092
3107 3093
3107 3094
3107 3097
3107 3102
3107 3107
3107 3110
3107 3112
3107 3113
3107 3122
3107 3123
3083 99999
3091 3064
3091 3069
3091 3135
3091 3140
3112 3078
3112 3090
3112 3100
3112 3110
3112 3115
3112 3158
3082 3074
3082 3090
3158 99999
3078 3071
3078 3094
3078 3100
3115 3078
3115 3082
3115 3090
3115 3092
3115 3093
3115 3094
3115 3097
3115 3102
3115 3110
3115 3117
3092 3022
3092 3033
3092 3072
3092 3074
3092 3078
3092 3082
3092 3086
3092 3090
3092 3112
3154 3086
3154 3129
3154 3130
3154 3135
3154 3139
3154 3151
3154 3152
3154 3153
3119 3086
3119 3093
3013 3027
3013 3067
3013 3026
3086 3153
3086 3079
3153 3086
3153 3097
3153 3113
3153 3117
3153 3123
3153 3129
3153 3130
3153 3140
3153 3150
3153 3151
3153 3163
3032 3035
3032 3036
3032 3040
3032 3041
3032 3047
3032 3063
3032 3086
3032 3093
3139 3035
3139 3037
3139 3047
3139 3119
3139 3129
3139 3130
3139 3132
3139 3140
3047 3040
3047 3086
3047 3139
3047 3142
3035 3022
3035 3032
3035 3036
3035 3041
3035 3047
3035 3063
3035 3086
3036 3022
3036 3032
3036 3035
3036 3036
3036 3041
3036 3047
3036 3093
3036 3108
3004 3001
3004 3007
3004 3012
3004 3029
3004 3038
3004 3058
3015 3007
3058 3011
3033 3007
3033 3013
3033 3014
3033 3019
3033 3021
3033 3025
3033 3027
3033 3028
3033 3030
3033 3034
3033 3035
3033 3040
3033 3044
3066 3003
3066 3005
3066 3011
3066 3026
3066 3057
3066 3058
3018 99999
3005 99999
3038 3004
3038 3018
3038 3022
3038 3033
3038 3044
3038 3055
3038 3056
3012 3001
3012 3002
3012 3003
3012 3004
3012 3005
3012 3018
3012 3006
3012 3007
3012 3011
3012 3013
3012 3014
3012 3015
3012 3016
3012 3019
3012 3021
3012 3022
3012 3023
3012 3025
3012 3026
3012 3027
3001 3002
3001 3003
3001 3004
3001 3005
3001 3018
3001 3006
3001 3007
3001 3011
3001 3012
3001 3013
3001 3014
3001 3015
3001 3019
3001 3021
3001 3025
3001 3026
3001 3027
3001 3028
3001 3030
3001 3048
3007 3056
3007 3070
3007 3002
3007 3003
3007 3004
3007 3006
3007 3011
3007 3015
3007 3018
3007 3019
3007 3026
3007 3033
3007 3034
3007 3038
3007 3039
3026 3011
3026 3022
3026 3078
3039 3001
3039 3040
3039 3044
3039 3051
3039 3078
3055 3038
3055 3051
3055 3057
3055 3072
3055 3078
3055 3102
3055 3121
3044 3002
3044 3003
3044 3004
3044 3011
3044 3028
3044 3038
3044 3051
3044 3055
3044 3056
3044 3057
3044 3062
3044 3064
3044 3070
3044 3071
3044 3072
3070 3001
3070 3003
3070 3004
3070 3015
3070 3018
3070 3029
3070 3035
3070 3055
3070 3062
3070 3063
3070 3066
3070 3067
3070 3071
3070 3072
3070 3086
3030 3006
3030 3021
3030 3037
3030 3040
3030 3052
3030 3059
3030 3069
3030 3094
3030 3150
3057 3001
3057 3002
3057 3003
3057 3004
3057 3005
3057 3018
3057 3007
3057 3011
3057 3013
3057 3015
3057 3016
3057 3028
3057 3029
3057 3039
3057 3051
3057 3044
3057 3055
3057 3056
3057 3058
3057 3064
3057 3066
3057 3067
3057 3070
3057 3086
3057 3121
3057 3128
3028 3001
3028 3002
3028 3003
3028 3004
3028 3007
3028 3015
3028 3018
3028 3026
3028 3027
3028 3029
3028 3034
3028 3035
3028 3038
3028 3039
3028 3051
3028 3055
3028 3057
3028 3072
3062 3021
3062 3025
3062 3037
3062 3040
3062 3052
3062 3058
3006 3001
3006 3014
3006 3021
3006 3025
3006 3030
3006 3037
3006 3040
3006 3048
3006 3050
3006 3052
3006 3062
3006 3069
3048 3001
3048 3022
3048 3030
3048 3034
3048 3036
3048 3038
3048 3039
3048 3043
3048 3045
3048 3058
3014 3003
3014 3005
3014 3006
3014 3007
3014 3011
3014 3033
3014 3038
3014 3045
3014 3056
3014 3064
3014 3078
3014 3079
3014 3106
3014 3107
3014 3117
3014 3128
3014 3129
3014 3140
3059 3026
3059 3028
3059 3041
3059 3043
3059 3045
3059 3055
3059 3056
3059 3057
3059 3058
3059 3064
3150 3006
3150 3030
3150 3062
3150 3094
3150 3129
3150 3130
3150 3151
3003 3004
3003 3022
3003 3026
3003 3033
3003 3038
3003 3039
3003 3066
3056 3003
3056 3004
3056 3005
3056 3018
3056 3007
3056 3011
3056 3015
3056 3026
3056 3033
3056 3034
3056 3038
3056 3039
3056 3040
3056 3044
3056 3057
3056 3058
3056 3062
3056 3066
3011 3003
3011 3004
3011 3005
3011 3018
3011 3022
3011 3026
3011 3033
3011 3056
3132 3011
3132 3038
3132 3121
3132 3139
3051 3002
3051 3004
3051 3005
3051 3015
3051 3028
3051 3029
3051 3044
3051 3055
3051 3057
3051 3064
3051 3066
3051 3070
3064 3002
3064 3004
3064 3015
3064 3028
3064 3029
3064 3044
3064 3051
3064 3055
3064 3057
3064 3070
3002 3001
3002 3004
3002 3007
3002 3012
3002 3015
3002 3019
3002 3022
3002 3026
3002 3028
3002 3071
3002 3072
3151 3005
3151 3062
3151 3129
3151 3130
3151 3150
3151 3153
3129 3062
3129 3113
3129 3139
3129 3140
3129 3150
3129 3151
3129 3153
3129 3154
3094 99999
