30 62
16 62
13 29
13 27
13 54
13 6
13 26
78 3
78 6
78 20
78 23
78 28
78 40
78 50
78 62
78 69
78 71
78 79
78 89
41 62
15 79
15 2
15 3
15 62
62 69
62 8
47 6
47 21
21 99999
58 6
58 9
58 44
58 47
58 82
9 50
9 72
72 50
72 9
72 78
72 6
72 68
72 69
72 62
72 27
72 89
72 1
50 72
50 9
50 78
29 7
29 13
29 54
29 6
29 2
45 8
45 7
45 27
59 99999
26 56
26 19
19 99999
79 3
79 70
79 2
69 62
69 6
6 2
2 76
2 6
8 68
76 2
76 79
83 27
83 8
27 99999
7 99999
89 99999
56 26
60 59
80 99999
4 3
4 6
4 30
49 63
49 70
38 80
38 91
38 65
38 3
38 4
38 10
38 11
38 24
38 30
24 30
74 70
63 20
63 10
63 19
63 24
63 52
63 51
