Ac57
check nodes in a group
set([1, 2, 3, 4, 5, 6, 7, 8, 9, 10, 11, 13, 14, 17, 18, 19, 20, 21, 22, 23, 24, 25, 26, 27, 28, 29, 30, 31, 32, 33, 34, 35, 36, 37, 38, 39, 40, 41, 42, 43, 44, 45, 46, 47, 48, 49, 50, 51, 52, 53, 54, 55, 56, 57, 58, 59, 60, 61, 62, 63, 64, 65, 66, 67, 68])
Eng55
check nodes in a group
set([0, 1, 2, 3, 4, 5, 6, 7, 8, 9, 10, 11, 12, 13, 14, 15, 16, 17, 18, 19])
ICT55
check nodes in a group
set([0, 1, 2, 3, 4, 5, 6, 7, 8, 9, 10, 11, 12, 13, 14, 15, 16, 17, 18, 19, 20, 21, 22, 23, 24, 25, 26, 27, 28, 29, 30, 31, 32, 33, 34, 35, 36, 37, 38, 39, 40, 41, 42, 43, 44, 45, 46, 47, 48, 49, 50, 51, 52])
ICT56
check nodes in a group
set([0, 1, 2, 3, 4, 5, 6, 7, 8, 9, 10, 11, 12, 13, 14, 15, 16, 17, 18, 19, 20, 21, 22, 23, 24, 25, 26, 27, 28, 29, 30, 31, 32])
ICT57-All
check nodes in a group
set([0, 1, 2, 3, 4, 5, 6, 7, 8, 9, 10, 11, 12, 13, 14, 15, 16, 17, 18, 19, 20, 21, 22, 23, 24, 25, 26, 27, 28, 29, 30, 31, 32, 33, 34, 35, 36, 37, 38, 39, 40, 41, 42, 43, 44, 45, 46, 47, 48, 49, 50, 51, 52, 53, 54, 55, 56, 57, 58, 59, 60])
Niti55
check nodes in a group
set([33, 4, 6, 51, 20, 56, 36, 28])
set([3, 36, 40, 9, 8, 18, 54, 23, 24, 58, 30])
set([0, 1, 2, 4, 7, 10, 12, 13, 21, 23, 24, 25, 26, 31, 39, 40, 43, 44, 45, 47, 52, 53, 57])
set([35, 37, 11, 14, 19])
set([27, 36, 29, 22])
set([0, 3, 36, 7, 4, 29])
Niti56
check nodes in a group
set([0, 1, 2, 3, 4, 5, 6, 7, 8, 9, 10, 11, 12, 13, 14, 15, 16, 17, 18, 19, 20, 21, 22, 23, 24, 25, 26, 27, 28, 29, 30, 31, 32, 33, 34, 35, 36, 37, 38, 39, 40, 41, 42, 43, 44, 45, 46, 47, 48, 50, 51, 52, 53, 54])
HM Act57
check nodes in a group
set([0, 1, 2, 3, 4, 5, 6, 8, 9, 10, 11, 12, 13, 14, 15, 17, 18, 19, 20, 21, 22, 23, 24, 25, 26])
HM Korea57
check nodes in a group
set([64, 41, 26, 23])
set([64, 33, 41, 44, 52, 58, 62, 31])
set([0, 1, 3, 6, 9, 10, 11, 12, 13, 14, 15, 17, 21, 22, 23, 25, 26, 29, 30, 39, 43, 45, 46, 47, 48, 54, 60])
set([32, 6, 38, 7, 8, 50, 56, 61])
HM Thai57
check nodes in a group
set([0, 1, 5, 6, 7, 8, 9, 10, 11, 12, 14, 18])
Nited56
check nodes in a group
set([33, 37, 24, 27, 28, 61])
set([64, 68, 69, 71, 73, 74, 75, 76, 80, 81, 82, 57, 59, 61, 62])
set([96, 75, 78, 47, 81, 82, 84, 85, 88, 89, 92, 93, 95])
set([0, 1, 2, 3, 4, 5, 6, 7, 8, 9, 10, 11, 13, 14, 15, 16, 18, 19, 20, 21, 22, 23, 25, 26, 30, 31, 35, 38, 40, 42, 43, 44, 45, 46, 49, 50, 53, 55])
Biz55
check nodes in a group
set([105, 138, 133, 81])
set([130, 77, 81, 83, 84, 92, 95, 101, 102, 107, 110, 111, 112, 115, 116, 118, 119, 123, 124, 125])
set([97, 98, 92, 93])
set([0, 71, 73, 74, 75, 76, 9, 57, 27, 10])
set([100, 105, 108, 77, 88, 92, 93])
set([96, 97, 132, 104, 109, 82, 86, 87, 92, 94])
EC55
check nodes in a group
set([8, 9, 10, 13, 14, 16, 18, 19, 20, 21, 22, 23, 24, 25, 26, 27, 35, 50, 63])
set([33, 27, 46, 47, 48, 49, 50, 51, 53, 54, 55, 57, 58, 59, 60])
set([0, 1, 2, 3, 4, 5, 6, 7, 11, 12, 13, 17, 27, 35, 39, 52, 56])
set([38, 43, 29, 30, 31])
set([33, 43, 37, 38])
