greedy
Niti56_bf.gml
55
('All', 2.9985454545454546, 0.55822256291918748)
(10, 2.7269999999999994, 0.36124922145244831)
(11, 3.2718181818181815, 0.64171387254357837)
(7, 2.7771428571428567, 0.40633252693942634)
(8, 3.4612500000000002, 0.18744582550699812)
(6, 3.4166666666666665, 0.47643350941016827)
(2, 2.5300000000000002, 0.40000000000000013)
Ac57_bf.gml
69
('All', 2.5350724637681159, 0.44410999808738399)
(7, 2.601428571428571, 0.51476564907673061)
(7, 2.6185714285714288, 0.35918274582440501)
(5, 2.5219999999999998, 0.40882269995683951)
(12, 2.4025000000000003, 0.41459066157677338)
(12, 2.5816666666666666, 0.25592425094590437)
(3, 2.6799999999999997, 0.25455844122715715)
(7, 2.7985714285714285, 0.41135415993758856)
(3, 3.2533333333333334, 0.37151342132179055)
(4, 2.2424999999999997, 0.16618889854620253)
Biz55_bf.gml
142
('All', 2.3035211267605629, 0.39430844647573898)
(9, 2.2811111111111106, 0.26155281788428486)
(8, 2.3875000000000002, 0.32310021665111899)
(3, 2.98, 0.29877527787062075)
(3, 2.1266666666666669, 0.052493385826745453)
(2, 2.1399999999999997, 0.36999999999999988)
(4, 2.585, 0.3686122624113311)
(11, 2.5481818181818183, 0.33476771273168399)
(13, 2.1076923076923078, 0.25453287066412605)
(3, 2.6000000000000001, 0.54338445567265414)
(15, 2.4620000000000006, 0.43944207050910977)
(3, 2.2133333333333334, 0.38212854149123987)
EC55_bf.gml
67
('All', 2.9953731343283572, 0.47051045116061985)
(12, 3.2066666666666666, 0.53726674525374785)
(5, 3.0259999999999998, 0.31327942798722042)
(16, 3.2237499999999999, 0.28755162579961197)
(5, 2.7640000000000002, 0.49717602516613768)
(12, 2.6658333333333339, 0.33096974517653754)
(2, 3.3500000000000001, 0.040000000000000036)
(9, 3.0088888888888885, 0.54525110310030434)
Eng55_bf.gml
20
('All', 2.7319999999999998, 0.41079922103139388)
(7, 2.7242857142857142, 0.42530181360189517)
(5, 2.6379999999999995, 0.19661129163911217)
(7, 2.882857142857143, 0.45178105587660439)
HM Act57_bf.gml
28
('All', 2.0464285714285713, 0.87464365921913867)
(3, 2.6233333333333335, 0.26836956277160456)
(6, 2.6899999999999999, 0.58514955353311171)
(3, 2.1500000000000004, 0.077888809636986134)
HM Korea57_bf.gml
66
('All', 2.6375757575757577, 0.79686708637745796)
(13, 2.7569230769230773, 0.68526676013387566)
(12, 2.8683333333333336, 0.4310806833477413)
(8, 2.6387500000000004, 0.55617977084752013)
(4, 3.1425000000000001, 0.22230328382639788)
(9, 2.7144444444444442, 0.51482707153008855)
(8, 2.9749999999999996, 0.55619241274940101)
HM Thai57_bf.gml
23
('All', 2.1060869565217395, 1.0784438834866967)
(5, 2.9940000000000002, 0.58270404151678912)
(9, 2.4588888888888882, 0.78860558293236727)
ICT55_bf.gml
53
('All', 2.6569811320754719, 0.45618014029407122)
(12, 2.7083333333333326, 0.4504781410407786)
(7, 2.9057142857142861, 0.60730922090473682)
(7, 2.6614285714285715, 0.38409182575556711)
(7, 2.4014285714285717, 0.27951123521648452)
(7, 2.3085714285714287, 0.14116136373755001)
(8, 2.7687500000000003, 0.47350917361757633)
(4, 2.9399999999999995, 0.26105554964413236)
ICT56_bf.gml
33
('All', 2.4972727272727275, 0.55758283921721585)
(12, 2.9166666666666665, 0.53108902789980095)
(7, 2.4642857142857149, 0.44200378611362084)
(9, 2.2644444444444445, 0.3575879413549472)
(4, 1.9900000000000002, 0.256124969497314)
ICT57-All_bf.gml
61
('All', 2.4904918032786889, 0.58630106469066201)
(15, 2.6326666666666667, 0.62082167774293739)
(11, 2.7263636363636365, 0.57096843930088281)
(7, 2.3200000000000003, 0.60963689427161716)
(5, 2.5179999999999998, 0.68967818582292428)
(16, 2.2987500000000005, 0.45684892196436228)
(2, 2.5649999999999999, 0.50499999999999989)
Nited56_bf.gml
102
('All', 2.392156862745098, 0.50865186571182297)
(3, 2.6433333333333331, 0.36003086287459057)
(12, 2.7274999999999996, 0.6726703625600482)
(16, 2.5787499999999999, 0.4334004355097027)
(14, 2.0792857142857146, 0.31743310399232794)
(3, 2.3399999999999999, 0.15121728296285014)
(9, 2.0544444444444441, 0.26034639792703151)
(12, 2.1024999999999996, 0.27622831739945375)
(14, 2.7407142857142861, 0.59210839120787284)
Niti55_bf.gml
59
('All', 2.8703389830508472, 0.52128903496222434)
(7, 3.3414285714285716, 0.37494489391027558)
(8, 2.7050000000000001, 0.35531676008879737)
(10, 3.0309999999999997, 0.36178584825833082)
(14, 2.5742857142857147, 0.46047668291695742)
(5, 3.3359999999999999, 0.26004614975038554)
(6, 3.1933333333333334, 0.49155083381296605)
(8, 2.4212500000000001, 0.4153744545587752)
Niti56_friend.gml
55
('All', 2.9985454545454546, 0.55822256291918748)
(31, 2.7887096774193556, 0.44639590366576321)
(24, 3.2695833333333337, 0.57130318254748846)
Ac57_friend.gml
69
('All', 2.5350724637681159, 0.44410999808738399)
(19, 2.4947368421052634, 0.45328471848395718)
(17, 2.591764705882353, 0.34881708157913377)
(15, 2.8546666666666662, 0.39994777436838208)
(17, 2.2276470588235298, 0.33936843438371717)
Biz55_friend.gml
142
('All', 2.3035211267605629, 0.39430844647573898)
(22, 2.2363636363636363, 0.28964783404782274)
(3, 2.98, 0.29877527787062075)
(21, 2.4942857142857151, 0.45644142615477412)
(19, 2.1794736842105267, 0.3390151942598712)
(14, 2.4964285714285714, 0.3474726534534181)
EC55_friend.gml
67
('All', 2.9953731343283572, 0.47051045116061985)
(18, 3.1605555555555553, 0.47638070935640697)
(15, 3.1366666666666663, 0.40024436979869632)
(16, 2.7674999999999996, 0.42329806283516114)
(18, 2.915, 0.4558295246641616)
Eng55_friend.gml
20
('All', 2.7319999999999998, 0.41079922103139388)
(12, 2.7116666666666664, 0.41898355841515095)
(8, 2.7624999999999997, 0.39625591478235372)
HM Act57_friend.gml
28
('All', 2.0464285714285713, 0.87464365921913867)
(6, 2.4816666666666669, 0.57551184947739253)
(15, 1.7906666666666666, 1.0139721670517172)
(7, 2.2214285714285711, 0.48967711144119008)
HM Korea57_friend.gml
66
('All', 2.6375757575757577, 0.79686708637745796)
(20, 2.8235000000000006, 0.62947815688870412)
(14, 2.7992857142857139, 0.35323938232378593)
(8, 2.7150000000000003, 0.58921558024207066)
(10, 2.6350000000000002, 0.54345653000033045)
(8, 2.9749999999999996, 0.55619241274940101)
HM Thai57_friend.gml
23
('All', 2.1060869565217395, 1.0784438834866967)
(8, 1.8824999999999998, 1.0192123184106441)
(10, 2.827, 0.51148900281433229)
ICT55_friend.gml
53
('All', 2.6569811320754719, 0.45618014029407122)
(15, 2.7553333333333332, 0.47546281546393188)
(14, 2.4871428571428567, 0.33452372479239734)
(15, 2.8739999999999997, 0.49955713720587896)
(9, 2.3955555555555552, 0.22554187150608895)
ICT56_friend.gml
33
('All', 2.4972727272727275, 0.55758283921721585)
(10, 2.5579999999999998, 0.7072594997594589)
(12, 2.4533333333333336, 0.45960732031690799)
(11, 2.4900000000000002, 0.49193495504995371)
ICT57-All_friend.gml
61
('All', 2.4904918032786889, 0.58630106469066201)
(39, 2.5866666666666669, 0.61998070000288596)
(22, 2.3200000000000003, 0.47567177377224762)
Nited56_friend.gml
102
('All', 2.392156862745098, 0.50865186571182297)
(34, 2.5705882352941178, 0.51088700935938847)
(23, 2.1456521739130436, 0.40775979807977231)
(4, 2.1225000000000001, 0.16037066439969624)
(2, 2.0, 0.020000000000000018)
(35, 2.4602857142857144, 0.53152334024433001)
Niti55_friend.gml
59
('All', 2.8703389830508472, 0.52128903496222434)
(12, 2.5699999999999998, 0.4588209527328353)
(9, 3.0566666666666666, 0.4374674591072778)
(11, 3.1518181818181819, 0.52911277680520274)
(15, 2.9419999999999997, 0.49905510717755408)
(8, 2.7825000000000002, 0.38554344761647819)
(4, 2.4849999999999999, 0.4417295552710957)
Niti56_study.gml
55
('All', 2.9985454545454546, 0.55822256291918748)
(7, 3.0742857142857143, 0.67054044605520879)
(9, 3.0766666666666662, 0.46045870848776693)
(9, 3.5211111111111113, 0.24474224284356544)
(8, 3.2674999999999996, 0.51089994128009053)
Ac57_study.gml
69
('All', 2.5350724637681159, 0.44410999808738399)
(13, 2.5369230769230766, 0.47907578676808077)
(15, 2.5986666666666669, 0.36379237057542713)
(9, 2.496666666666667, 0.36040101122068025)
(13, 2.8753846153846152, 0.41464749411843582)
(6, 2.4233333333333333, 0.32195582857832472)
(4, 2.2424999999999997, 0.16618889854620253)
Biz55_study.gml
142
('All', 2.3035211267605629, 0.39430844647573898)
(8, 2.3674999999999997, 0.31936460354898449)
(12, 2.5608333333333335, 0.31215536551887463)
(3, 2.98, 0.29877527787062075)
(5, 2.4260000000000002, 0.41456483208299277)
(10, 2.6950000000000003, 0.46682437811236893)
(3, 2.2133333333333334, 0.38212854149123987)
EC55_study.gml
67
('All', 2.9953731343283572, 0.47051045116061985)
(12, 3.3274999999999992, 0.389468120218673)
(10, 2.6800000000000002, 0.43409676340650133)
(3, 3.1933333333333334, 0.22395436042987776)
(15, 3.214, 0.29441014475274691)
(20, 2.883, 0.48332287345003649)
Eng55_study.gml
20
('All', 2.7319999999999998, 0.41079922103139388)
(9, 2.701111111111111, 0.3786362794275866)
(3, 2.6499999999999999, 0.24832774042918906)
(5, 3.1360000000000001, 0.24270146270675827)
HM Act57_study.gml
28
('All', 2.0464285714285713, 0.87464365921913867)
(7, 2.7957142857142858, 0.44711318933982774)
HM Korea57_study.gml
66
('All', 2.6375757575757577, 0.79686708637745796)
(8, 3.1200000000000001, 0.61449165982948861)
(12, 2.8683333333333336, 0.4310806833477413)
(11, 2.6190909090909091, 0.52060200372356591)
(3, 3.23, 0.18779421361337698)
(8, 2.8375000000000004, 0.49763817176739966)
(8, 2.9749999999999996, 0.55619241274940101)
HM Thai57_study.gml
23
('All', 2.1060869565217395, 1.0784438834866967)
(6, 3.0716666666666668, 0.55956580389520671)
(6, 2.7166666666666663, 0.3979391354912904)
ICT55_study.gml
53
('All', 2.6569811320754719, 0.45618014029407122)
(14, 2.7428571428571429, 0.43178084010010337)
(9, 2.8822222222222229, 0.59730464547513185)
(8, 2.3500000000000001, 0.29474565306378997)
(7, 2.6214285714285714, 0.31155960546114136)
(10, 2.609, 0.47223828730843082)
ICT56_study.gml
33
('All', 2.4972727272727275, 0.55758283921721585)
(11, 2.5518181818181818, 0.69326392956294636)
(13, 2.2853846153846158, 0.42340406932050112)
(8, 2.8512499999999994, 0.2657271862267766)
ICT57-All_study.gml
61
('All', 2.4904918032786889, 0.58630106469066201)
(22, 2.6177272727272727, 0.61038685064311182)
(13, 2.6815384615384614, 0.67476316248279811)
(19, 2.3615789473684212, 0.47015409744706083)
Nited56_study.gml
102
('All', 2.392156862745098, 0.50865186571182297)
(11, 2.8754545454545455, 0.52747018246383348)
(16, 2.6412499999999999, 0.47652223190529108)
(13, 2.3030769230769228, 0.40696597127419376)
(7, 2.0071428571428571, 0.19883333190778413)
(6, 2.2200000000000002, 0.18248287590894657)
(22, 2.4495454545454547, 0.60686584763421436)
Niti55_study.gml
59
('All', 2.8703389830508472, 0.52128903496222434)
(17, 3.0258823529411765, 0.46117572028750486)
(8, 3.1775000000000002, 0.49650654577759595)
(12, 2.6225000000000001, 0.37067787003452651)
(11, 3.127272727272727, 0.35800180063262016)
(5, 2.2240000000000002, 0.39987998199459796)
(2, 2.7250000000000001, 0.48499999999999988)
greedy
Niti56_bf.gml
55
greedy
Niti56_bf.gml
55
greedy
Niti56_bf.gml
55
greedy
Niti56_bf.gml
55
[0, 8, 16, 32, 33, 37, 38, 41, 48, 52]
