4001 4018
4003 4011
4003 4016
4003 4069
4003 4074
4004 4030
4004 4056
4004 4071
4004 4075
4005 4070
4007 4005
4007 4029
4007 4064
4007 4079
4009 4034
4009 4041
4009 4057
4009 4059
4009 4066
4009 4073
4011 4001
4011 4012
4011 4080
4012 4011
4012 4028
4012 4070
4012 4080
4015 4017
4015 4044
4015 4048
4016 4026
4016 4027
4016 4045
4016 4060
4016 4069
4017 4015
4018 4001
4018 4005
4020 4011
4020 4035
4020 4069
4022 4020
4022 4023
4022 4024
4022 4026
4022 4027
4022 4031
4022 4033
4023 4022
4023 4024
4023 4026
4023 4027
4023 4031
4024 4022
4024 4023
4024 4026
4024 4027
4024 4031
4026 4016
4026 4027
4026 4031
4026 4060
4027 4016
4027 4026
4027 4031
4027 4042
4027 4061
4028 4007
4028 4011
4028 4012
4028 4024
4028 4029
4028 4035
4028 4064
4028 4070
4028 4080
4029 4007
4029 4064
4029 4070
4029 4079
4030 4004
4030 4056
4030 4071
4030 4075
4031 4016
4031 4022
4031 4023
4031 4024
4031 4026
4031 4027
4031 4060
4033 4043
4033 4067
4033 4073
4034 4009
4034 4041
4034 4047
4034 4057
4034 4061
4035 4020
4035 4075
4039 4015
4039 4017
4039 4044
4039 4048
4041 4009
4041 4034
4041 4047
4041 4057
4041 4059
4043 4033
4043 4067
4044 4015
4044 4017
4044 4048
4044 4061
4045 4016
4045 4060
4047 4009
4047 4034
4047 4041
4047 4057
4047 4059
4048 4015
4048 4017
4048 4044
4048 4045
4052 4015
4052 4017
4052 4054
4054 4052
4056 4004
4056 4030
4056 4071
4056 4075
4057 4034
4057 4041
4057 4047
4057 4059
4057 4066
4057 4073
4060 4015
4060 4016
4060 4027
4060 4045
4060 4048
4061 4034
4061 4042
4061 4057
4064 4007
4064 4029
4064 4070
4064 4075
4066 4034
4066 4041
4066 4045
4066 4047
4066 4057
4066 4059
4066 4073
4067 4011
4067 4012
4067 4016
4067 4018
4067 4027
4067 4029
4067 4031
4067 4043
4067 4080
4067 4081
4069 4003
4069 4011
4069 4012
4069 4016
4069 4033
4069 4043
4069 4073
4070 4064
4070 4079
4071 4004
4071 4030
4071 4042
4071 4075
4073 4033
4073 4057
4073 4066
4073 4069
4074 4003
4074 4011
4074 4033
4074 4044
4074 4069
4075 4004
4075 4030
4075 4056
4075 4071
4079 4005
4079 4007
4079 4029
4079 4064
4079 4070
4080 4004
4080 4011
4080 4012
4080 4052
4080 4054
4080 4070
4081 4080
