Ac57
All: 2.5351 0.4441
588, 2.3708 0.1866
10380, 2.6850 0.6421
10372, 2.4200 0.2897
392, 2.4847 0.3284
 30, 2.3825 0.2617
396, 2.5300 0.3508
4382, 2.2850 0.2704
2116, 2.4417 0.3601
284, 2.5828 0.2555
602, 2.7150 0.3628
4380, 2.5400 0.2608
 14, 2.0700 0.0738
18568, 2.5446 0.2960
 74, 2.5767 0.1683
286, 2.5638 0.2579
18504, 2.6250 0.3145
2184, 2.4300 0.4667
8598, 2.5719 0.3166
4492, 2.5115 0.3368
332, 2.6554 0.3371
140, 2.3654 0.3083
8588, 2.4840 0.3346

Eng55
All: 2.7320 0.4108
716, 2.9050 0.2688
 14, 2.7675 0.5207
18590, 2.7325 0.3839
 28, 2.7075 0.4491
19034, 2.8233 0.4685
 30, 2.6850 0.4283
2462, 2.4750 0.2001
350, 2.7962 0.4317
718, 2.9300 0.3064
18504, 2.6550 0.3535
588, 2.8154 0.2878
602, 2.6667 0.4097
19166, 2.6650 0.3462
19030, 2.6618 0.2621
140, 2.7256 0.3452
18568, 2.7819 0.3083
6284, 2.8542 0.3253
142, 2.7500 0.1480
150, 2.7965 0.3541
158, 2.7950 0.3446
284, 2.7500 0.4842
2188, 2.8717 0.2764
8906, 2.6555 0.3368
714, 2.9425 0.3280
19148, 2.7200 0.4970
18846, 2.6050 0.2740
8652, 2.8825 0.4640
4748, 2.8575 0.4374
4380, 2.7247 0.3626
2184, 2.7605 0.2834
332, 2.8035 0.3878
710, 2.7233 0.3304
4442, 2.7062 0.2865
858, 2.9962 0.3103
18582, 2.8875 0.3919
4810, 2.8137 0.3438
390, 2.7103 0.4129
392, 2.7721 0.2756
4492, 2.7876 0.3555
8598, 2.5997 0.3054
2458, 3.0150 0.3474
10380, 2.7981 0.2837
13262, 2.8075 0.4252
5070, 2.6150 0.3433
4686, 2.9337 0.3150
8606, 2.6313 0.4237

ICT55
All: 2.6570 0.4562
716, 2.6308 0.3047
2206, 2.8200 0.2256
 14, 2.7668 0.3415
4382, 2.5038 0.3180
602, 2.4391 0.2502
 30, 2.6669 0.3303
604, 2.5054 0.3135
206, 2.6900 0.4262
18504, 2.6494 0.4006
588, 2.7544 0.3516
16986, 2.5850 0.4544
19036, 2.4250 0.3115
19030, 2.6338 0.3865
140, 2.6935 0.3292
396, 2.6432 0.3413
10372, 2.7777 0.3608
2182, 2.8000 0.4083
2190, 2.9300 0.2990
18568, 2.6498 0.4327
6284, 2.7812 0.1664
150, 2.7980 0.4926
4380, 2.5539 0.3555
16668, 2.6075 0.5169
8906, 2.4431 0.3132
8908, 2.7850 0.3028
540, 2.2750 0.2843
714, 2.6767 0.3940
414, 2.3942 0.2423
4492, 2.5121 0.3207
4748, 2.8388 0.3720
4510, 2.4613 0.2534
284, 2.7167 0.3494
286, 2.4021 0.3066
2184, 2.7027 0.3284
334, 2.3975 0.2104
8910, 2.5700 0.4402
332, 2.7115 0.3798
350, 2.6896 0.3215
4810, 2.5633 0.3911
8588, 2.6496 0.4118
8844, 2.9650 0.4592
2198, 2.6950 0.3410
390, 2.6846 0.3705
392, 2.7318 0.2855
16780, 2.6413 0.1198
4442, 2.2600 0.2899
8598, 2.3816 0.2871
2458, 2.3800 0.0967
662, 2.8613 0.3608
10380, 2.8615 0.4252
8652, 2.6225 0.2884
462, 2.2175 0.2225
204, 2.7383 0.3262
8606, 2.4467 0.3170

ICT56
All: 2.4973 0.5576
716, 2.7763 0.5860
19030, 2.7031 0.2931
 14, 2.6990 0.4903
150, 2.9050 0.4875
536, 2.6170 0.4837
 28, 2.7395 0.4769
19034, 2.6296 0.3760
 30, 2.6720 0.4588
2252, 1.9625 0.1881
462, 2.8137 0.2043
718, 2.4517 0.3709
2116, 3.1137 0.6119
2118, 2.3087 0.2690
 74, 2.7949 0.5300
602, 2.8368 0.3625
606, 2.6245 0.4214
140, 2.5796 0.5153
16780, 2.3462 0.4717
652, 2.7108 0.5656
2182, 3.1300 0.8130
2184, 2.4083 0.2988
6284, 2.4350 0.3650
2198, 3.5025 0.3918
4574, 2.8017 0.2948
2204, 3.2675 0.5885
710, 2.1413 0.1993
2076, 2.8925 0.2368
4380, 2.5033 0.4173
4694, 2.4110 0.3891
2188, 2.7065 0.4154
18782, 2.8450 0.1576
8906, 2.1858 0.2346
8908, 2.6704 0.4911
206, 3.0675 0.5667
19038, 2.8125 0.2017
4492, 2.6156 0.3222
8652, 2.6270 0.3892
4510, 2.6411 0.1763
18636, 2.0150 0.2499
284, 2.7250 0.3857
286, 2.6868 0.3352
18568, 2.5787 0.4965
4494, 2.6058 0.3028
16986, 2.5750 0.4650
332, 2.6379 0.3969
2190, 3.2975 0.5857
17244, 2.4325 0.4351
19148, 2.1688 0.3478
4810, 2.6725 0.3211
8844, 2.6330 0.3910
662, 2.8925 0.4678
390, 2.8233 0.4864
392, 2.9346 0.5269
396, 2.6513 0.4437
398, 2.7900 0.4499
4442, 2.7200 0.1815
8598, 2.6837 0.2851
10380, 2.2854 0.3411
27084, 2.6825 0.4749
974, 3.1475 0.5760
2126, 3.4225 0.4365
204, 2.7750 0.6588
8606, 2.8392 0.2633

ICT57-All
All: 2.4905 0.5863
18518, 2.6425 0.5403
 14, 2.4087 0.4764
4382, 2.7038 0.4517
536, 2.1481 0.3471
 28, 2.2216 0.4665
602, 2.4452 0.4675
 30, 2.4499 0.5228
604, 2.3775 0.4899
16982, 2.3925 0.4695
2116, 2.4045 0.4265
 74, 2.4042 0.4333
16986, 2.5442 0.4776
19030, 2.6161 0.5229
140, 2.4960 0.4964
16780, 2.2775 0.3248
396, 2.4514 0.4402
652, 2.2500 0.3196
10372, 2.2949 0.3991
18568, 2.6044 0.5218
2198, 2.4787 0.4420
284, 2.3410 0.3870
16668, 2.4200 0.5026
716, 2.4188 0.3819
19034, 2.6781 0.6070
27030, 2.4662 0.4737
8908, 2.5425 0.4831
4380, 2.6620 0.5348
286, 2.3955 0.4965
2184, 2.5450 0.3121
6284, 2.2250 0.3210
334, 2.3250 0.3437
332, 2.4180 0.4971
4442, 2.3633 0.3399
4810, 2.3275 0.3567
8588, 2.3486 0.4079
2188, 2.3133 0.4946
150, 2.4331 0.4617
392, 2.2929 0.4193
4492, 2.4536 0.4391
4494, 2.5100 0.4887
8598, 2.4033 0.4479
2202, 2.3887 0.3854
18504, 2.3756 0.4476
588, 2.6393 0.5122
204, 2.9550 0.6359

Niti55
All: 2.8703 0.5213
536, 2.9069 0.3302
19034, 3.1200 0.3471
 30, 2.7856 0.3546
604, 2.8875 0.5774
18846, 2.6250 0.1284
2116, 3.0453 0.4149
18504, 3.0935 0.3381
2124, 2.9815 0.5898
602, 2.8319 0.3719
140, 2.8402 0.3692
2182, 2.4925 0.1346
2184, 3.0262 0.4685
6284, 3.0488 0.7038
2198, 3.0735 0.3284
2076, 2.8650 0.2911
4380, 2.9089 0.3525
2188, 3.1242 0.3629
4382, 2.8150 0.4170
16668, 2.7425 0.2224
8906, 2.8125 0.3025
204, 2.6313 0.2913
4810, 2.8938 0.5343
8908, 2.9638 0.5748
718, 2.5775 0.2653
4492, 2.9973 0.4382
4510, 2.8838 0.3485
284, 2.8484 0.3546
286, 2.8523 0.3543
18568, 2.9946 0.4580
652, 3.0275 0.2938
332, 2.8397 0.3934
334, 2.8738 0.4834
398, 2.7079 0.2951
18582, 3.0375 0.3185
150, 2.7667 0.3377
392, 3.0329 0.3109
396, 2.9492 0.3762
18572, 3.0000 0.5883
4494, 2.8158 0.7599
8598, 3.0890 0.4262
2458, 2.6550 0.1396
414, 2.7572 0.3587
662, 2.8875 0.1983
972, 3.2292 0.3131
4686, 2.8575 0.3652
8606, 2.7496 0.2983

Niti56
All: 2.9985 0.5582
390, 2.8762 0.3969
392, 2.9967 0.7506
286, 2.8675 0.3978
8598, 2.9389 0.3008
150, 3.0181 0.4592
284, 3.2475 0.4870
2202, 2.7925 0.5387
2188, 2.7200 0.5294
 30, 3.0400 0.4312
2184, 3.5200 0.5329
714, 2.9675 0.7208
396, 3.0525 0.4656
8906, 2.8050 0.5632
588, 3.5536 0.4324
4380, 3.0075 0.7154
602, 3.0500 0.3668
858, 2.7225 0.3455
8588, 3.5792 0.4565
140, 3.1999 0.4417
4510, 2.9437 0.3826
204, 3.2225 0.5137
332, 3.4450 0.4738
4492, 2.9867 0.4417
972, 3.2625 0.4855

HM Act57
All: 2.0464 0.8746
396, 2.3950 0.3071
150, 2.6200 0.6059
666, 2.8125 0.4017
 30, 2.5850 0.6044
 74, 2.6275 0.4736
588, 2.6875 0.4913
858, 2.9950 0.4433
140, 2.4200 0.3284
332, 2.6775 0.5018

HM Korea57
All: 2.6376 0.7969
4380, 2.6425 0.5737
10380, 2.9225 0.6631
10372, 3.0255 0.3900
390, 2.9258 0.5171
392, 2.8695 0.3860
 30, 2.7494 0.6889
606, 3.5237 0.2460
286, 2.5150 0.2544
150, 2.8381 0.5248
536, 3.0470 0.3953
2182, 2.8025 0.2772
8598, 2.6500 0.3552
2076, 3.1900 0.1909
284, 2.8951 0.6628
2184, 2.8625 0.3142
2188, 3.1238 0.3619
602, 2.7506 0.3910
398, 2.5458 0.6295
18568, 2.8450 0.5027
710, 3.4600 0.2414
18504, 2.6875 0.4336
396, 2.8212 0.3387
588, 2.9767 0.5947
18518, 2.9700 0.4748
858, 3.2637 0.4060
19034, 2.6100 0.3107
4492, 2.7450 0.4847
714, 2.9156 0.7281
414, 2.8350 0.5824
140, 2.7447 0.5311
332, 2.9839 0.5580
8588, 2.9264 0.5910
972, 2.7025 0.3175

HM Thai57
All: 2.1061 1.0784
 14, 2.5587 0.5151
 30, 2.5162 0.4233
8588, 2.8808 0.5136
588, 2.9008 0.5512
150, 2.2894 0.6924

Nited56
All: 2.3922 0.5087
716, 2.5783 0.1982
536, 2.2217 0.2607
 28, 2.1686 0.2577
602, 2.7599 0.4124
 30, 2.5875 0.3711
462, 2.6725 0.4952
2116, 2.2413 0.2416
18504, 2.3582 0.3059
 74, 2.3473 0.2970
588, 2.4871 0.4428
19034, 2.6475 0.4577
19030, 2.5379 0.3305
140, 2.3131 0.3218
10372, 2.3903 0.3223
2184, 2.1257 0.2173
150, 2.5710 0.3135
16986, 2.1800 0.2818
286, 2.5989 0.3913
16668, 2.2525 0.2963
8906, 2.4935 0.3055
540, 2.2775 0.2801
13262, 2.6775 0.4755
4492, 2.7965 0.5469
8652, 2.2375 0.2351
4748, 2.2325 0.2370
4510, 2.7841 0.4146
284, 2.4652 0.4129
4382, 2.9031 0.4197
18568, 2.4064 0.3565
16780, 2.6063 0.3150
332, 2.4325 0.2909
4636, 2.3400 0.2681
8588, 2.5367 0.4506
2198, 2.2825 0.3239
390, 2.4299 0.3407
392, 2.2256 0.3034
396, 2.3668 0.3800
4494, 2.6375 0.3094
8598, 2.9506 0.4045
10380, 2.3750 0.2964
972, 2.6138 0.4561
4380, 2.6082 0.4358
204, 2.7020 0.2673

Biz55
All: 2.3035 0.3943
536, 2.1900 0.2464
 28, 2.3175 0.3230
19034, 2.4200 0.3202
 30, 2.4291 0.3026
2116, 2.4363 0.2991
 74, 2.3126 0.2340
588, 2.4345 0.3371
602, 2.5513 0.3555
396, 2.4543 0.3076
140, 2.3711 0.2984
652, 2.6675 0.4330
10372, 2.5919 0.3528
18568, 2.4542 0.2711
150, 2.3000 0.2859
4380, 2.4925 0.3326
4382, 2.7800 0.3706
710, 2.4675 0.3726
8906, 2.6513 0.3286
27030, 2.5500 0.4946
284, 2.4120 0.3141
286, 2.5434 0.2899
2184, 2.6375 0.2622
10380, 2.8575 0.3168
332, 2.3492 0.3074
4438, 2.6400 0.3964
350, 2.1250 0.2706
8588, 2.5322 0.3357
2188, 2.4025 0.3548
8598, 2.5685 0.4013
390, 2.3130 0.3075
392, 2.3469 0.1782
4492, 2.5334 0.3283
4494, 2.5025 0.3636
2202, 2.2512 0.2440
4510, 2.5250 0.4663
18504, 2.2550 0.2702
2124, 2.5275 0.4350

EC55
All: 2.9954 0.4705
2134, 3.2325 0.2727
536, 3.2350 0.3628
 30, 3.0747 0.5066
2116, 3.1870 0.2898
4810, 3.2262 0.3349
602, 3.0025 0.3866
396, 3.2247 0.3497
140, 3.1659 0.4162
18568, 3.2867 0.2892
10380, 3.2225 0.4190
2188, 3.1825 0.2883
716, 3.2267 0.3188
4492, 3.1142 0.3501
284, 3.0655 0.2741
2184, 3.0725 0.2601
332, 3.0578 0.4109
4438, 3.1000 0.3250
150, 3.1020 0.4176
390, 3.0250 0.2805
392, 3.2427 0.3128
8588, 3.0802 0.3593
8598, 2.7250 0.4426
414, 2.9680 0.4316
18504, 3.2737 0.2572
714, 3.1783 0.3346
588, 3.0498 0.3615
4380, 3.3250 0.4071
18518, 3.2325 0.2727

