Niti56
All: 2.9985 0.5582
164, 3.3387 0.3990
 14, 3.0790 0.2969
 12, 3.0267 0.6619
 36, 3.1271 0.4128
 78, 3.0778 0.2777

Ac57
All: 2.5351 0.4441
164, 2.5425 0.3200
 14, 2.5890 0.2844
 78, 2.6033 0.2956
 36, 2.5644 0.3802
  6, 2.3295 0.1571

Biz55
All: 2.3035 0.3943
164, 2.5126 0.2934
 12, 2.3475 0.2671
 14, 2.4546 0.2773
 36, 2.4777 0.2807
 78, 2.5889 0.3400

EC55
All: 2.9954 0.4705
164, 3.1518 0.3268
 14, 3.1096 0.3583
 36, 3.2126 0.3178
 78, 3.1362 0.3804

Eng55
All: 2.7320 0.4108
164, 2.8061 0.3019
  6, 2.7086 0.2775
 14, 2.8223 0.3611
102, 2.7067 0.1915
 36, 2.7276 0.2607
 38, 2.8000 0.2256
 78, 2.6441 0.2660

HM Act57
All: 2.0464 0.8746
164, 2.8567 0.4554
 14, 2.6752 0.5083
 36, 2.4367 0.3447

HM Korea57
All: 2.6376 0.7969
 36, 2.8463 0.3731
 12, 2.9465 0.4674
 14, 2.8638 0.4845
164, 2.9415 0.5270
 78, 2.6742 0.3972

HM Thai57
All: 2.1061 1.0784
164, 2.8978 0.5846
 14, 2.4822 0.4328
 12, 2.7844 0.4514

ICT55
All: 2.6570 0.4562
164, 2.7046 0.3510
  6, 2.7209 0.2952
140, 2.3433 0.2985
 14, 2.6301 0.3203
 78, 2.4263 0.2875
 36, 2.6872 0.2806

ICT56
All: 2.4973 0.5576
 36, 2.6129 0.3998
 12, 2.7047 0.3893
 78, 2.6386 0.2742
 14, 2.6495 0.3379
164, 2.4819 0.3422

Nited56
All: 2.3922 0.5087
164, 2.5587 0.3539
 12, 2.2645 0.2474
 14, 2.5240 0.3389
 36, 2.3146 0.2574
 78, 2.8053 0.3889

Niti55
All: 2.8703 0.5213
164, 2.9697 0.3425
 78, 2.9159 0.3592
 14, 2.8496 0.2990
 36, 2.9344 0.3162
166, 2.7800 0.2484

