Niti56
All: 2.9985 0.5582
  6, 3.0495 0.3756
 38, 2.9811 0.3249
 46, 3.2113 0.2984
238, 3.3433 0.1894
174, 3.1959 0.3122
166, 3.2450 0.2506

Ac57
All: 2.5351 0.4441
166, 2.6586 0.3546
102, 2.5542 0.1992
 46, 2.6711 0.3708
 12, 2.4873 0.2675
174, 2.4267 0.2933
238, 2.5558 0.2767
 38, 2.7592 0.5248

Biz55
All: 2.3035 0.3943
 38, 2.5152 0.3017
  6, 2.3690 0.2456
140, 2.3567 0.2625
174, 2.5854 0.3558
238, 2.5446 0.3353
102, 2.4317 0.3536
 46, 2.3955 0.3140
166, 2.5467 0.3126

EC55
All: 2.9954 0.4705
166, 3.3515 0.2084
  6, 3.0262 0.3852
 12, 3.0757 0.3005
 46, 3.0697 0.3119
174, 3.0900 0.3282
238, 3.1690 0.3007
102, 3.1400 0.3513
 38, 3.2042 0.3798

Eng55
All: 2.7320 0.4108
166, 2.6878 0.2054
 46, 2.7167 0.3039
 12, 2.7219 0.2678
174, 2.7875 0.2612
238, 2.9349 0.2677

HM Act57
All: 2.0464 0.8746
  6, 2.4192 0.3600
166, 3.0433 0.4412
 12, 2.8442 0.5049
174, 3.0767 0.2724
238, 2.9333 0.3947
 46, 2.6675 0.4080

HM Korea57
All: 2.6376 0.7969
  6, 2.7473 0.5213
 38, 2.9785 0.4883
 46, 2.8898 0.4679
174, 3.2983 0.4268
238, 3.3333 0.1347
166, 3.4867 0.2735

HM Thai57
All: 2.1061 1.0784
166, 2.7122 0.4622
  6, 2.5368 0.5270
 46, 2.9033 0.4020
238, 2.9087 0.5797
 38, 2.8094 0.3295

ICT55
All: 2.6570 0.4562
102, 2.5686 0.2316
 12, 2.7906 0.2861
174, 2.6816 0.3497
238, 2.7553 0.3436
 46, 2.6120 0.2340
 38, 2.6373 0.2223
166, 2.5583 0.2806

ICT56
All: 2.4973 0.5576
 38, 2.8485 0.3784
  6, 2.7281 0.4304
 46, 2.7925 0.3931
174, 2.5372 0.2776
238, 2.5461 0.2883
102, 2.4805 0.2897
166, 2.4027 0.2797

Nited56
All: 2.3922 0.5087
102, 2.5767 0.3021
  6, 2.3179 0.2815
140, 2.3800 0.2499
174, 2.6086 0.3065
238, 2.7162 0.3429
 46, 2.4721 0.2897
 38, 2.3327 0.2564
166, 2.4483 0.3203

Niti55
All: 2.8703 0.5213
 38, 2.6943 0.2183
  6, 2.7522 0.3185
 12, 2.8874 0.2902
 46, 2.8565 0.2673
174, 2.9218 0.2617
238, 3.0119 0.2980
102, 2.9622 0.5404

