Ac57
All: 2.5351 0.4441
8670, 2.5975 0.2964
652, 2.4375 0.2804
150, 2.4972 0.3571
390, 2.5055 0.2794
 28, 2.2944 0.3518
18572, 2.6792 0.4942
398, 2.6550 0.6570
4748, 2.6825 0.1516
2140, 2.6525 0.6473
4442, 2.2337 0.3070
8538, 2.6425 0.1248
2198, 2.7525 0.3351
670, 2.6050 0.1562
536, 2.4539 0.1968
666, 2.6675 0.4567
414, 2.6625 0.4920
6284, 2.4062 0.4078
734, 2.6025 0.4589
27614, 2.2425 0.1662
16986, 2.6675 0.2484
19142, 2.6138 0.3035
13214, 2.5300 0.2255
13278, 2.8825 0.3796
16982, 2.3694 0.3840
2124, 2.8525 0.5080
972, 2.3250 0.2623
2252, 2.7275 0.6368
4958, 2.8425 0.3502
714, 2.5537 0.4358
2458, 2.6975 0.6379
27340, 2.5456 0.4044
2758, 2.5450 0.0776
4810, 2.7188 0.1765
8906, 2.7408 0.5166
27342, 2.6150 0.4070
2134, 2.4971 0.4122
9182, 2.1825 0.2219
4686, 2.5375 0.2688
4438, 2.4638 0.4132
18460, 2.5350 0.0750
19034, 2.6875 0.4188
604, 2.4287 0.2234
858, 2.5081 0.2931
862, 2.7025 0.2247
4694, 2.3937 0.2953
18582, 2.5950 0.2969
31710, 2.4150 0.3895
19102, 2.6125 0.1563
17238, 2.8250 0.4676
19030, 2.4479 0.3472
2766, 2.8975 0.4774
16780, 2.5250 0.2500
2202, 2.7000 0.4008
8606, 2.7175 0.3809
2462, 2.6350 0.4191
8652, 2.5200 0.3199
2188, 2.5862 0.4738
16798, 2.4675 0.4704

Eng55
All: 2.7320 0.4108
4438, 2.8290 0.2881
536, 2.7137 0.2883
25438, 2.6575 0.2155
13214, 2.7833 0.3995
990, 2.8836 0.3658
 74, 2.7571 0.3452
590, 2.6400 0.2009
16982, 2.7012 0.2906
604, 2.6300 0.1718
606, 2.8814 0.3617
19422, 2.5900 0.1701
18894, 2.6538 0.1487
396, 2.8478 0.3088
10372, 2.7976 0.2999
2182, 2.6200 0.1629
2202, 2.6642 0.2480
19142, 2.6300 0.1272
2398, 3.1325 0.3340
18460, 2.6925 0.1921
4694, 2.8825 0.4026
18634, 2.6262 0.1274
17094, 2.7325 0.2531
27340, 2.9855 0.2757
27342, 2.5700 0.1499
8910, 2.5700 0.1435
23006, 2.8275 0.4831
222, 2.6300 0.4259
17246, 2.6625 0.2935
9182, 2.8712 0.3123
734, 2.8925 0.4310
18572, 2.7632 0.3406
334, 2.8087 0.2540
18782, 2.7181 0.2906
2190, 2.8600 0.3231
17238, 2.8461 0.3394
862, 2.8671 0.3767
27614, 2.9354 0.2881
27294, 2.7525 0.2513
8588, 2.8333 0.3219
662, 2.7233 0.2022
2758, 2.6200 0.1739
666, 2.6100 0.3450
6558, 2.5900 0.1616
4958, 2.6275 0.2646
10398, 2.8337 0.3572
27084, 2.7492 0.2715
31710, 3.0600 0.3003
18518, 2.8397 0.3442

ICT55
All: 2.6570 0.4562
16982, 2.6870 0.3206
19146, 2.8692 0.3702
3038, 2.5208 0.2335
536, 2.7961 0.2899
 28, 2.9251 0.2799
25438, 2.2025 0.1998
13214, 2.5492 0.3300
17374, 3.0150 0.4700
18636, 2.5788 0.2785
862, 2.7255 0.4041
718, 2.4604 0.2973
2116, 2.8045 0.3356
2118, 2.9911 0.3168
 74, 2.8334 0.3499
590, 2.7101 0.3485
18654, 2.6142 0.3737
2134, 2.6404 0.3671
606, 2.6084 0.3438
2782, 2.5988 0.2463
19422, 2.7429 0.5146
2510, 2.4525 0.1986
19150, 2.5494 0.2445
142, 2.8706 0.3495
2202, 2.6508 0.2859
2716, 2.3975 0.2750
18590, 2.5838 0.3161
4438, 2.7396 0.3655
2758, 3.0550 0.1571
2398, 2.9433 0.5454
4694, 2.6971 0.3506
18572, 2.6627 0.3377
6558, 2.4300 0.2986
398, 2.6678 0.3079
27082, 2.3592 0.2874
4814, 2.1933 0.1645
710, 2.7616 0.3610
202, 2.6304 0.2240
19148, 2.7235 0.3574
2766, 2.3875 0.2007
27342, 2.4350 0.2799
23006, 2.6968 0.4152
734, 2.5125 0.2929
2076, 2.7441 0.2160
16798, 2.8000 0.3129
2252, 2.6400 0.4315
17246, 2.4025 0.2156
9182, 2.4013 0.3125
990, 2.5089 0.2885
27084, 2.3675 0.3477
27340, 2.7303 0.3338
652, 2.7100 0.2844
6302, 2.8081 0.4618
17094, 2.7500 0.3621
18782, 2.8604 0.5130
18574, 2.9308 0.3418
17238, 2.8289 0.4626
27102, 2.5900 0.3962
858, 2.7721 0.3696
19038, 2.3267 0.2694
27614, 2.8004 0.3731
974, 2.4975 0.3157
27294, 2.4992 0.3369
2188, 2.7600 0.3058
18460, 2.8040 0.3151
19142, 2.5000 0.2061
666, 2.7373 0.2554
8862, 2.7350 0.4236
4958, 2.4418 0.3073
158, 2.6035 0.2725
13262, 2.5450 0.4191
2124, 2.7466 0.2265
8650, 2.2550 0.3004
4686, 2.5953 0.3306
31710, 2.9188 0.4309
18518, 2.6873 0.3368
25566, 2.5775 0.2502
19166, 3.0200 0.4658
18634, 2.7325 0.3750

ICT56
All: 2.4973 0.5576
19146, 2.7106 0.3925
2206, 3.1465 0.5047
8862, 2.4217 0.3305
25438, 2.2625 0.3254
990, 2.6069 0.2653
16982, 2.3507 0.3886
862, 2.6689 0.3463
18846, 2.8762 0.4333
18504, 2.4217 0.3486
588, 2.5950 0.4432
590, 2.7196 0.4291
2270, 3.3350 0.5361
2134, 2.6733 0.5018
604, 2.5754 0.4119
2782, 2.9869 0.4208
19098, 2.4756 0.4396
3038, 2.7887 0.4390
2510, 3.0137 0.5863
2142, 3.3350 0.5361
19150, 2.1587 0.1983
10372, 2.5146 0.3695
142, 2.9432 0.4879
2202, 2.8658 0.5766
670, 2.7375 0.2853
4438, 2.3500 0.3746
714, 2.6750 0.3986
16668, 2.4643 0.3571
19142, 2.3887 0.3787
158, 2.8156 0.4629
27340, 2.4629 0.3523
202, 2.9642 0.5191
27342, 2.3880 0.3078
2462, 3.1475 0.5097
23006, 2.4489 0.2793
14942, 2.7200 0.1815
222, 2.9175 0.5882
18574, 2.5408 0.2553
414, 2.7704 0.3783
16798, 2.5225 0.5238
10398, 2.2233 0.3277
350, 2.7275 0.3476
17246, 2.6617 0.2923
25566, 2.3475 0.3760
734, 2.8914 0.4344
4748, 2.5150 0.3800
334, 2.6843 0.3270
2398, 2.7869 0.2643
17238, 2.4304 0.3589
27102, 2.5142 0.2857
858, 2.6072 0.3219
4958, 2.5897 0.2644
10974, 2.6288 0.3163
27294, 2.2567 0.2529
8588, 2.4930 0.3497
18572, 2.2792 0.3310
2458, 3.0950 0.5453
666, 2.8433 0.4906
13214, 2.6606 0.3712
18654, 2.5942 0.2313
13278, 2.8742 0.3406
18590, 2.6629 0.2892
4686, 2.5425 0.2874
15052, 2.4992 0.3290
16838, 2.2325 0.3270
13262, 2.6306 0.2602
2124, 2.3804 0.3807
9182, 3.0488 0.4510
18460, 2.6494 0.2537
27614, 2.4652 0.2902
18518, 2.5441 0.3034
31710, 2.5188 0.3155
19166, 2.4575 0.4842
18634, 2.7058 0.2844

ICT57-All
All: 2.4905 0.5863
19146, 2.9250 0.3815
222, 2.4575 0.2436
18590, 2.7554 0.5395
19422, 2.3644 0.4566
734, 2.5275 0.4107
13214, 2.4821 0.4790
990, 2.8507 0.3842
2462, 2.5372 0.4922
2254, 3.0040 0.7127
2252, 2.5383 0.4963
18782, 2.7694 0.4709
718, 2.5117 0.5235
974, 2.6125 0.4949
2124, 2.6856 0.5890
590, 2.5001 0.4823
2270, 2.6925 0.4777
4694, 2.2007 0.3529
2140, 2.8080 0.4479
606, 2.4415 0.4235
2782, 2.7319 0.5187
3038, 2.7320 0.4812
19102, 2.1000 0.3180
18894, 2.9075 0.4626
18638, 2.9700 0.5860
2510, 2.5720 0.5093
2142, 2.7275 0.3345
19150, 2.7925 0.4836
2182, 2.6067 0.4192
8844, 2.6975 0.4389
142, 2.5237 0.5765
666, 2.5277 0.4724
2204, 2.2615 0.5394
2206, 2.5403 0.5263
4438, 2.2581 0.3372
710, 2.4285 0.4023
2076, 2.5067 0.6409
858, 2.1991 0.3133
18572, 2.6475 0.4971
6558, 2.9575 0.7571
4558, 3.0025 0.5947
714, 2.7802 0.4465
4814, 2.9400 0.5826
19142, 2.4512 0.4890
158, 2.4508 0.3909
8906, 2.4915 0.5511
27340, 2.9728 0.4801
202, 2.5220 0.5219
2766, 2.7744 0.4994
206, 2.7988 0.5463
18846, 2.6805 0.4219
23006, 2.6734 0.3966
14942, 2.4600 0.5074
17118, 2.7300 0.6807
17244, 2.2950 0.5473
18574, 2.9111 0.6065
414, 2.6483 0.4615
16798, 2.3575 0.3722
4748, 2.0650 0.4191
350, 2.6835 0.3937
4510, 2.4621 0.4869
670, 2.8975 0.5858
19036, 2.2000 0.6308
17246, 2.5750 0.4914
25566, 2.4312 0.4944
9182, 2.4338 0.4971
8910, 2.6381 0.6226
10380, 2.8636 0.6574
2190, 2.6350 0.5772
2398, 2.6885 0.4813
398, 2.5622 0.5453
17238, 2.5538 0.4690
19038, 2.5413 0.4994
862, 2.3957 0.4628
10974, 2.7830 0.6228
19148, 2.6108 0.4729
27614, 2.3515 0.3337
27294, 2.7725 0.3296
18636, 2.8600 0.5056
27342, 3.0415 0.4643
390, 2.3070 0.4367
2758, 2.9383 0.4300
2458, 2.6839 0.4487
4766, 3.0650 0.6255
8606, 2.5015 0.5082
18654, 2.7058 0.4191
4958, 2.5932 0.5008
13278, 2.3141 0.3783
662, 2.2167 0.3514
6302, 2.7038 0.4915
4686, 2.5912 0.5492
13262, 2.3300 0.2747
27084, 2.5700 0.3649
10398, 2.8658 0.5247
2134, 2.4275 0.4147
6494, 2.3900 0.5124
2126, 2.7269 0.5554
18460, 2.3392 0.5340
4574, 2.6592 0.6491
31710, 2.5309 0.4838
19094, 2.2150 0.3153
19166, 2.9250 0.4775
18634, 2.8695 0.5415

Niti55
All: 2.8703 0.5213
17238, 3.0038 0.3584
19146, 2.8900 0.3055
 14, 2.7100 0.3821
18590, 2.7175 0.2075
 28, 2.7950 0.3579
8862, 2.8950 0.2055
734, 2.8007 0.3140
13214, 2.7588 0.2824
990, 2.8294 0.2786
16982, 3.0544 0.3425
862, 2.8512 0.3432
2118, 2.8775 0.3458
 74, 2.8006 0.3424
590, 2.7908 0.2727
2270, 2.6987 0.1941
4694, 2.8698 0.2784
2134, 2.9348 0.1815
606, 2.8226 0.3160
2782, 2.7219 0.2756
3038, 2.9449 0.3045
19030, 2.9144 0.4293
16780, 3.0414 0.6487
2142, 2.7169 0.2369
2766, 2.6975 0.1994
10372, 2.9382 0.3533
142, 2.7572 0.3253
4574, 3.0163 0.2564
2202, 2.9069 0.3578
2206, 2.7673 0.2745
710, 2.7014 0.2838
18782, 2.7250 0.2958
202, 2.7400 0.2385
19142, 2.7562 0.3527
206, 2.5925 0.2532
2462, 2.7450 0.2364
222, 2.7045 0.3170
2190, 2.6481 0.1873
17246, 3.2200 0.5982
9182, 2.9425 0.3164
8670, 2.7925 0.4341
27340, 2.5775 0.2653
2398, 2.8208 0.3747
4438, 2.9945 0.3356
858, 2.8383 0.3023
350, 2.8933 0.3131
27614, 2.9844 0.2923
27294, 2.9350 0.2518
8588, 2.9813 0.3913
390, 2.9284 0.3197
2758, 2.6425 0.4728
924, 2.6800 0.3045
666, 3.0287 0.3205
4958, 2.6757 0.4475
13278, 3.2612 0.2397
158, 2.8116 0.3540
714, 2.7388 0.2803
588, 2.9159 0.3928
974, 3.0187 0.2969
19422, 2.9710 0.2898
18518, 2.8145 0.2691
25566, 3.1100 0.5473
31710, 2.9964 0.3549
19166, 2.6675 0.1983
18634, 2.7825 0.2879

Niti56
All: 2.9985 0.5582
27342, 3.3694 0.2017
652, 3.1475 0.8717
10372, 3.0175 0.7380
17238, 3.5289 0.2758
862, 3.2328 0.2920
8844, 3.2650 0.8315
606, 3.2983 0.2926
 14, 2.9109 0.4512
222, 3.1505 0.4386
2458, 2.7200 0.4699
6558, 3.3075 0.4642
734, 3.1257 0.3614
27614, 2.9450 0.3272
4438, 3.1250 0.7379
666, 3.6517 0.2113
8910, 3.3983 0.2378
990, 3.1541 0.2031
18460, 2.9450 0.7442
31710, 3.5121 0.1466
16982, 3.5508 0.4169
142, 3.4358 0.2345
2124, 3.5400 0.3373
2462, 2.9975 0.2923
13278, 3.0462 0.2957
398, 2.8388 0.4427
202, 2.7462 0.5598
4958, 3.0748 0.2677
590, 3.4331 0.2383
 74, 3.2000 0.6765
718, 3.3433 0.1823
19166, 3.4125 0.2439
18572, 3.5275 0.3423
27340, 2.6875 0.4576
19142, 2.9350 0.7301
158, 3.0840 0.3131
2766, 3.2075 0.2607
23006, 3.3963 0.2120
2398, 2.8600 0.3885
974, 2.6850 0.3825
27102, 2.9700 0.3917
9182, 3.4310 0.2536
2782, 3.1740 0.2982
3038, 3.3253 0.3062
2076, 2.9188 0.7350
414, 2.8791 0.3480
8606, 3.0489 0.3578

HM Act57
All: 2.0464 0.8746
10372, 2.9750 0.4444
390, 2.7600 0.4172
158, 2.5455 0.4681
350, 2.7650 0.5993
536, 2.9150 0.4636
 28, 2.7900 0.5662
862, 2.7125 0.5170
2758, 2.8275 0.5346
23006, 3.0325 0.3826
710, 2.8500 0.5081
8588, 2.8200 0.4183
2398, 2.8525 0.4681
3038, 2.7450 0.4725

HM Korea57
All: 2.6376 0.7969
652, 2.9767 0.5060
2134, 2.8450 0.5048
2206, 2.5975 0.5419
8844, 3.0050 0.4178
142, 2.7694 0.6040
4958, 2.7975 0.3115
2458, 2.9169 0.4994
 28, 2.7761 0.5753
666, 2.8883 0.5269
158, 2.7473 0.5017
734, 3.1833 0.6539
862, 3.2511 0.5182
16982, 2.9933 0.5473
206, 2.8342 0.4884
17238, 3.0513 0.5023
2142, 2.9400 0.4732
4438, 3.1787 0.6789
19146, 2.9900 0.5908
 74, 2.9279 0.5702
202, 2.5850 0.6998
590, 3.1957 0.5770
 14, 2.6823 0.5945
23006, 3.5675 0.2752
2198, 2.8925 0.5435
222, 2.7777 0.6116
2782, 3.1825 0.4748
19030, 2.8600 0.6087
2254, 3.1725 0.4909
2124, 3.1725 0.3584
2202, 2.9538 0.3590

HM Thai57
All: 2.1061 1.0784
2766, 2.8229 0.4326
27340, 2.8442 0.5880
390, 2.7958 0.3982
2758, 2.7592 0.4840
142, 2.6475 0.5292
 74, 2.8158 0.4498
27342, 2.7350 0.5394
18654, 2.7342 0.4572
4686, 2.6442 0.3933
158, 2.5835 0.4836
31710, 2.9200 0.6301
666, 2.9958 0.5362
590, 2.6419 0.5389
3038, 2.9875 0.5264
2270, 2.7583 0.3476

Nited56
All: 2.3922 0.5087
4438, 2.5194 0.4010
2206, 2.4731 0.2895
 14, 2.2498 0.3233
222, 2.5878 0.3078
18590, 2.4919 0.3699
17118, 2.5350 0.2747
17100, 2.2325 0.3783
13214, 2.8198 0.3374
990, 2.5676 0.3734
604, 2.3625 0.3947
16982, 2.6041 0.2965
206, 2.1691 0.2561
2252, 2.1631 0.1564
862, 2.5365 0.3852
718, 2.4100 0.3248
18846, 3.3087 0.3646
18638, 2.3712 0.3455
2118, 2.1768 0.2677
4686, 2.5792 0.3704
2270, 2.6750 0.4003
4694, 2.6505 0.3084
2510, 2.4900 0.4187
19036, 2.3900 0.3935
606, 2.4965 0.3408
19166, 2.8769 0.4044
19098, 3.2062 0.5169
3038, 2.5206 0.3560
2254, 2.1031 0.2166
18894, 2.5200 0.2638
2142, 2.4325 0.3939
2766, 2.2825 0.3702
2182, 2.3108 0.2148
2190, 2.8950 0.1873
18572, 2.4778 0.3168
6302, 2.5325 0.2693
158, 2.5319 0.3518
19150, 2.2675 0.3298
4574, 2.6000 0.3049
2202, 2.2826 0.2888
2204, 2.4965 0.3126
10398, 2.6275 0.2606
19142, 2.7075 0.1699
2398, 2.4980 0.2772
2076, 2.3164 0.2690
142, 2.2837 0.3113
2188, 2.4547 0.2951
19146, 2.5825 0.1717
710, 2.3578 0.3417
27340, 2.8510 0.3100
18634, 2.6050 0.1646
19148, 2.4679 0.3166
4814, 2.3200 0.4846
974, 2.6227 0.3487
2462, 2.6537 0.2675
23006, 2.4987 0.2723
17374, 2.4950 0.3037
734, 2.5262 0.3332
18574, 2.7150 0.2418
2140, 2.0877 0.1930
8670, 2.6900 0.3001
17246, 2.4475 0.3175
9182, 2.4897 0.4013
6284, 2.4475 0.1673
27614, 2.6882 0.3779
27084, 2.2606 0.2305
334, 2.5219 0.2226
17094, 2.5550 0.2872
17102, 2.5425 0.2699
18782, 2.6950 0.1905
398, 2.6574 0.4342
17238, 2.5973 0.4080
27102, 2.4450 0.6071
858, 2.4682 0.3717
19038, 2.4150 0.5813
350, 2.5620 0.3507
10974, 2.7665 0.2764
2126, 2.3171 0.2837
27342, 2.1475 0.3435
8844, 2.2542 0.3249
6558, 2.7325 0.2831
2758, 2.1871 0.2857
2458, 2.5977 0.3459
924, 2.4725 0.2982
666, 2.4480 0.3426
414, 2.6998 0.3245
18654, 2.7075 0.2477
4958, 2.8016 0.4375
13278, 2.7879 0.4473
668, 2.2775 0.2866
8862, 2.7042 0.2641
202, 2.2668 0.2627
714, 2.5417 0.4063
2124, 2.1600 0.2346
8650, 2.2725 0.2855
5070, 2.6225 0.4344
2134, 2.1580 0.2410
6494, 2.3500 0.3450
590, 2.3984 0.3641
18460, 2.2369 0.3271
19422, 2.5902 0.3387
18518, 2.4567 0.4903
25566, 2.7642 0.3500
2782, 2.5523 0.2938
31710, 2.7068 0.3883
8606, 2.8199 0.3948

Biz55
All: 2.3035 0.3943
17238, 2.5808 0.3260
 14, 2.3655 0.2802
8862, 2.5750 0.4133
13214, 2.7650 0.3068
2140, 2.4025 0.2493
4958, 2.5737 0.3959
462, 2.6400 0.4819
10312, 2.5300 0.3766
4686, 2.5814 0.3082
4694, 2.3600 0.3047
19036, 2.5700 0.3761
606, 2.5925 0.3392
2782, 2.5825 0.4008
3038, 2.4567 0.4596
19030, 2.6616 0.4164
16780, 2.4512 0.3081
19150, 2.5825 0.4212
2766, 2.6375 0.4803
17036, 2.3850 0.2325
2190, 2.3725 0.2466
4574, 2.8250 0.2930
666, 2.5420 0.3717
19100, 2.4325 0.2625
10398, 2.7400 0.2788
17094, 2.5725 0.3792
2076, 2.2500 0.2649
142, 2.5868 0.3983
18572, 2.6192 0.2674
202, 2.2325 0.2726
4814, 2.5750 0.4133
27340, 2.3892 0.3870
19146, 2.5263 0.3769
18636, 2.6913 0.3216
718, 2.4150 0.3721
2254, 2.8775 0.3354
540, 2.4413 0.3002
222, 2.1688 0.2006
18574, 2.5275 0.3822
414, 2.5641 0.4456
8670, 2.7525 0.4181
862, 2.4815 0.3145
9182, 2.5663 0.3951
734, 2.6300 0.4374
8910, 2.8350 0.2115
334, 2.3854 0.3800
2398, 2.0425 0.1835
398, 2.6152 0.3612
2198, 2.6045 0.3337
19038, 2.4900 0.3468
27614, 2.5100 0.4808
4810, 2.4437 0.3698
27294, 2.5950 0.4325
17302, 2.5000 0.3366
2458, 2.5575 0.4815
13278, 2.5300 0.3294
158, 2.3402 0.2890
17246, 2.3725 0.3768
16838, 2.3975 0.2619
714, 2.5983 0.2329
974, 2.7544 0.3265
590, 2.4457 0.3688
18460, 2.5463 0.2275
990, 2.4055 0.3195
8606, 2.6095 0.2925

EC55
All: 2.9954 0.4705
 14, 2.9899 0.5027
222, 2.8163 0.5553
 28, 3.0480 0.3136
734, 3.1183 0.4339
13214, 3.3908 0.4220
990, 3.1497 0.3470
16982, 3.0615 0.3562
206, 3.1425 0.4625
17238, 3.1189 0.3508
4958, 3.3400 0.3535
462, 3.1250 0.4467
 74, 3.0293 0.3579
2124, 3.1333 0.4283
2126, 3.3275 0.3244
4694, 3.1710 0.3236
604, 3.1825 0.4184
606, 2.9958 0.4453
2782, 3.0944 0.3252
19030, 2.9831 0.3767
2510, 3.2200 0.4410
16780, 3.1167 0.3778
10372, 3.2481 0.3013
142, 3.0719 0.4850
662, 3.2887 0.2947
666, 2.9469 0.3226
158, 3.1050 0.3939
17094, 3.2025 0.3200
2758, 3.0875 0.1995
2398, 3.1575 0.2971
18460, 3.4925 0.4024
19146, 3.3725 0.3087
16668, 2.8775 0.3968
19142, 3.1925 0.3152
8906, 3.3075 0.2707
27340, 3.3375 0.3444
202, 3.1469 0.4735
27342, 3.4337 0.1745
718, 3.2500 0.3883
23006, 3.0225 0.1842
14942, 3.1400 0.4385
18654, 3.3442 0.2164
350, 3.2435 0.3598
25566, 3.0637 0.3426
3038, 2.9512 0.2825
18572, 3.2470 0.2951
334, 3.1175 0.4268
710, 3.2650 0.2601
18782, 2.7550 0.3970
398, 3.0025 0.4501
858, 3.0362 0.3873
17244, 3.1925 0.3152
862, 3.1353 0.4033
19148, 3.3163 0.3079
27614, 2.9917 0.3602
2076, 3.0425 0.5032
2458, 3.0425 0.4332
2202, 3.2343 0.3734
670, 3.1425 0.4537
4686, 3.2764 0.2778
27084, 3.2225 0.2845
974, 3.0740 0.4095
9182, 2.6300 0.4132
590, 3.2608 0.2475
8670, 3.2550 0.3712
31710, 3.4625 0.4736
8606, 3.1181 0.2616

