Ac57
All: 2.5351 0.4441
 78, 2.5155 0.3148

Eng55
All: 2.7320 0.4108

ICT55
All: 2.6570 0.4562
 78, 2.6713 0.3248

ICT56
All: 2.4973 0.5576
 78, 2.4940 0.3967

ICT57-All
All: 2.4905 0.5863
4958, 2.5222 0.4706
8598, 2.5171 0.4805
4382, 2.5377 0.4818
31710, 2.4935 0.4437
27030, 2.5247 0.4637
13278, 2.5553 0.4688

Niti55
All: 2.8703 0.5213
 78, 2.9553 0.3764

Niti56
All: 2.9985 0.5582
 78, 3.0673 0.4029

HM Act57
All: 2.0464 0.8746
 78, 2.2466 0.6163
238, 2.6037 0.4940

HM Korea57
All: 2.6376 0.7969
 78, 2.9029 0.4228

HM Thai57
All: 2.1061 1.0784

Nited56
All: 2.3922 0.5087
 78, 2.5329 0.4022

Biz55
All: 2.3035 0.3943
 78, 2.4423 0.2972

EC55
All: 2.9954 0.4705
 78, 3.0071 0.3268

