Ac57
All: 2.5351 0.4441
8598, 2.5202 0.3508
4382, 2.5091 0.3594
27030, 2.4838 0.3389

Eng55
All: 2.7320 0.4108
4958, 2.6180 0.3635
8598, 2.5650 0.2671
13278, 2.6668 0.3554
4382, 2.4300 0.2496
27030, 2.7335 0.4986
31710, 2.7673 0.3429

ICT55
All: 2.6570 0.4562
8598, 2.7260 0.4002
13278, 2.6901 0.3392
27030, 2.7758 0.4173
4382, 2.6462 0.3622

ICT56
All: 2.4973 0.5576
4382, 2.4135 0.4361
27030, 2.5717 0.4237
13278, 2.4995 0.4250

ICT57-All
All: 2.4905 0.5863
8598, 2.5171 0.4805
4382, 2.5377 0.4818
27030, 2.5247 0.4637
13278, 2.5553 0.4688

Niti55
All: 2.8703 0.5213
8598, 2.9527 0.4312
4382, 2.9238 0.4172
27030, 2.9881 0.4418

Niti56
All: 2.9985 0.5582
8598, 3.1453 0.4759
27030, 3.1614 0.4897
4382, 2.9671 0.4275

HM Act57
All: 2.0464 0.8746
8598, 2.2382 0.6024
31710, 2.6770 0.4943
13278, 2.4474 0.5875
4958, 2.3369 0.6950
27030, 2.4258 0.3812
4382, 2.1303 0.6848

HM Korea57
All: 2.6376 0.7969
8598, 2.9227 0.4625
4382, 2.8712 0.4775
27030, 2.9761 0.4194

HM Thai57
All: 2.1061 1.0784
13278, 2.8273 0.5288
4958, 2.6347 0.7407
31710, 2.9010 0.4727

Nited56
All: 2.3922 0.5087
8598, 2.5165 0.4507
4382, 2.5000 0.4396
27030, 2.6086 0.4590

Biz55
All: 2.3035 0.3943
8598, 2.4524 0.3240
4382, 2.4200 0.3166
27030, 2.4487 0.3224

EC55
All: 2.9954 0.4705
8598, 3.0151 0.3541
27030, 3.0286 0.3197
4382, 2.9798 0.3725

