Ac57
All: 2.5351 0.4441
13278, 2.5047 0.3309
4958, 2.5336 0.3452
31710, 2.5279 0.3207

Eng55
All: 2.7320 0.4108

ICT55
All: 2.6570 0.4562
31710, 2.7007 0.3200
4958, 2.6713 0.3577

ICT56
All: 2.4973 0.5576
4958, 2.5093 0.4472
8598, 2.5423 0.4569
31710, 2.5319 0.4354

ICT57-All
All: 2.4905 0.5863
4958, 2.5222 0.4706
31710, 2.4935 0.4437

Niti55
All: 2.8703 0.5213
4958, 3.0101 0.4220
13278, 3.0421 0.4130
31710, 3.1291 0.4037

Niti56
All: 2.9985 0.5582
31710, 3.3062 0.4474
13278, 3.1779 0.4437
4958, 3.1342 0.4564

HM Act57
All: 2.0464 0.8746

HM Korea57
All: 2.6376 0.7969
4958, 2.9618 0.4384
13278, 2.9152 0.4710
31710, 2.8858 0.3987

HM Thai57
All: 2.1061 1.0784
8598, 2.5701 0.5998
4382, 2.3129 0.9163

Nited56
All: 2.3922 0.5087
4958, 2.6022 0.4452
13278, 2.6764 0.4234
31710, 2.7701 0.3975

Biz55
All: 2.3035 0.3943
4958, 2.4822 0.3250
13278, 2.5065 0.3473
31710, 2.5614 0.3417

EC55
All: 2.9954 0.4705
31710, 3.1803 0.2981
13278, 3.1081 0.3421
4958, 3.0506 0.3401

