Ac57
All: 2.5351 0.4441
18518, 2.6402 0.4112
858, 2.6286 0.3816
8862, 2.5187 0.3388
734, 2.5093 0.3680
13214, 2.3303 0.2510
990, 2.4313 0.3642
2140, 2.8446 0.4082
16982, 2.6128 0.3670
2462, 2.7006 0.4262
2252, 2.9539 0.3814
862, 2.4839 0.3527
462, 2.7300 0.3660
718, 2.6204 0.2946
18638, 2.6742 0.2363
2118, 2.7934 0.4144
2270, 2.5257 0.4264
2134, 2.7797 0.4640
606, 2.5344 0.3490
19166, 2.4900 0.3299
3038, 2.3512 0.3222
19102, 2.5075 0.3161
19030, 2.4644 0.3484
2254, 2.7581 0.3371
2510, 2.5825 0.3966
19150, 2.5994 0.3543
2766, 2.5987 0.3594
10372, 2.7658 0.3885
2182, 2.8896 0.4064
10380, 2.8207 0.3594
142, 2.6403 0.3272
2202, 2.7568 0.3852
2204, 2.6881 0.3195
710, 2.5728 0.3650
2076, 2.8313 0.4098
17118, 2.4150 0.3895
2188, 2.8108 0.3369
2758, 2.5023 0.4245
158, 2.6500 0.4361
5070, 2.6550 0.4736
18636, 2.4100 0.3546
18590, 2.6483 0.4193
206, 2.7746 0.4100
18846, 2.5556 0.3792
23006, 2.3702 0.3786
222, 2.6246 0.4928
6878, 2.3900 0.3490
18574, 2.5657 0.3744
13262, 2.5858 0.3560
6606, 2.6025 0.4426
8908, 2.8120 0.3671
8670, 2.7637 0.2527
17246, 2.2550 0.2189
9182, 2.5390 0.1923
2124, 2.8627 0.3754
19422, 2.5038 0.2953
4438, 2.6738 0.4192
8910, 2.3775 0.2655
27340, 2.2333 0.1668
18572, 2.7204 0.3038
2142, 2.6192 0.3960
17094, 2.4075 0.3247
2398, 2.5091 0.3536
2190, 2.7190 0.2952
17238, 2.5800 0.3574
350, 2.5886 0.3637
19148, 2.5668 0.3296
27614, 2.4407 0.3593
2126, 2.7246 0.3939
27294, 2.2375 0.2454
27342, 2.2912 0.2310
392, 2.7966 0.3871
398, 2.6798 0.3705
19142, 2.3775 0.3580
666, 2.6970 0.3973
6558, 2.5200 0.4121
4958, 2.4938 0.2977
13278, 2.3275 0.2743
670, 2.6467 0.4695
202, 2.7073 0.3526
714, 2.7805 0.4384
974, 2.5806 0.2945
590, 2.3826 0.2687
4574, 2.5583 0.3663
25566, 2.3125 0.2355
2782, 2.6836 0.4737
31710, 2.1800 0.1845
18634, 2.8975 0.2772

Eng55
All: 2.7320 0.4108
2140, 2.7966 0.3474
350, 2.8368 0.2585
718, 2.7118 0.3270
2116, 2.7828 0.3699
2118, 2.7772 0.4196
2270, 2.5838 0.1635
2134, 2.7869 0.3636
19038, 2.9450 0.3061
19422, 3.0950 0.2554
18638, 2.6567 0.3471
19150, 2.7257 0.3466
2182, 2.8979 0.3566
18574, 2.6668 0.3637
2202, 2.8115 0.2319
2758, 2.9750 0.4402
18572, 2.7559 0.3285
710, 2.8227 0.3605
18634, 2.7796 0.3913
23006, 2.9825 0.3847
2190, 2.5707 0.2726
6350, 2.7525 0.2513
25566, 2.9975 0.3664
2398, 3.0969 0.3399
27102, 2.8775 0.3720
862, 3.0025 0.2525
10974, 2.6325 0.0926
392, 2.9512 0.3542
18590, 2.7539 0.3099
990, 3.1262 0.2508

ICT55
All: 2.6570 0.4562
17100, 3.2855 0.4692
17238, 3.0812 0.4151
19422, 3.0400 0.3815
2076, 2.8119 0.4561
17050, 2.3625 0.3579
990, 2.4100 0.2820
206, 2.4456 0.2925
18636, 3.5525 0.2199
17246, 2.2450 0.2843
2118, 2.7914 0.4316
2270, 2.3725 0.2541
3038, 2.3725 0.2541
2510, 2.2942 0.2829
16780, 3.0904 0.4510
2190, 2.7582 0.5564
2184, 2.8985 0.5076
6302, 2.7967 0.3690
6286, 2.6675 0.1818
2204, 2.8693 0.5242
27294, 3.3100 0.3981
4694, 3.2077 0.4635
142, 2.8023 0.3829
18572, 3.2568 0.4857
16668, 3.1379 0.6111
2758, 2.7000 0.5985
2254, 2.9484 0.4555
18654, 3.1100 0.4725
16924, 2.9888 0.5380
6350, 2.8875 0.2567
862, 2.3838 0.2711
222, 2.4617 0.2347
27340, 2.6900 0.5814
17094, 3.3900 0.4921
4810, 2.7806 0.3128
18460, 3.2137 0.5920
19100, 3.3050 0.4882
17046, 2.2550 0.3004
18504, 3.1119 0.6419
158, 2.5631 0.2569
16838, 3.0858 0.6569
17374, 2.7062 0.3883
18634, 3.3583 0.4730

ICT56
All: 2.4973 0.5576
222, 2.5380 0.3168
17118, 3.1517 0.3942
25438, 3.1338 0.5028
13214, 3.2275 0.3627
17374, 3.2125 0.3806
2140, 3.1553 0.5555
4958, 2.7338 0.2871
17102, 3.0025 0.3217
4810, 3.0455 0.2885
2124, 2.9737 0.5800
2270, 2.9169 0.3167
2134, 2.9636 0.4698
18518, 2.8985 0.4887
19166, 2.7375 0.3840
19422, 2.6575 0.3518
2142, 2.9330 0.3537
2184, 2.7228 0.6060
4574, 2.5675 0.3408
2716, 3.3350 0.5361
2076, 2.9202 0.5872
2188, 2.7923 0.5319
17038, 3.0458 0.3988
16668, 2.7906 0.5910
2758, 3.0610 0.4941
2254, 3.0570 0.4306
734, 2.6183 0.3559
2190, 2.8437 0.4769
6350, 3.1467 0.3780
862, 2.7750 0.3421
25566, 3.2850 0.2811
6284, 2.9513 0.5362
9182, 2.6812 0.3578
8910, 2.8950 0.3699
27340, 3.0875 0.5780
17094, 2.8556 0.5129
17238, 2.9820 0.4829
6286, 3.0560 0.4852
924, 3.3287 0.4309
666, 2.7161 0.4127
18654, 2.8394 0.2937
18504, 2.8370 0.5551
4686, 2.7644 0.3866
17246, 3.2325 0.3515
3038, 2.7155 0.3325
2782, 2.9138 0.3247
990, 3.0500 0.2964
18634, 2.6746 0.5768

ICT57-All
All: 2.4905 0.5863
2134, 2.5030 0.3105
 14, 2.6905 0.4027
222, 2.4700 0.2139
2076, 2.3682 0.5265
858, 2.3690 0.3916
734, 2.3067 0.1967
990, 2.3185 0.2298
206, 2.7192 0.4701
2254, 2.6324 0.5059
2252, 2.5688 0.5858
18782, 2.4682 0.3347
17102, 3.1446 0.6092
18654, 2.4625 0.3530
2140, 2.6263 0.4684
2782, 2.2962 0.4634
18638, 2.4736 0.5624
18894, 2.4225 0.5789
2142, 2.5165 0.3904
2766, 2.4525 0.5931
2182, 2.5403 0.4032
2184, 2.8550 0.7158
2190, 2.8974 0.6246
4574, 2.0625 0.3268
2204, 2.6977 0.5644
17094, 2.8144 0.5621
4694, 2.5268 0.3684
142, 2.6786 0.4378
18572, 2.8939 0.6427
710, 2.6153 0.4533
19146, 2.5450 0.3463
19150, 2.6108 0.4588
23006, 2.0625 0.3268
19166, 2.6483 0.2344
6878, 2.3300 0.4702
18574, 2.9333 0.5302
6350, 3.4900 0.3950
18636, 2.7013 0.5933
862, 2.2535 0.2635
9182, 2.2775 0.1715
18568, 3.0692 0.6407
6284, 3.1225 0.5931
10974, 2.5067 0.2607
718, 2.3379 0.3330
2398, 2.3115 0.4025
6286, 3.1993 0.5520
4442, 3.3708 0.3925
350, 2.1351 0.3484
19148, 2.5765 0.3859
974, 2.3283 0.2944
2188, 2.8685 0.6735
2198, 2.3090 0.4439
398, 2.3518 0.4129
2758, 2.4925 0.3336
2458, 2.5379 0.3708
924, 2.3438 0.4890
202, 2.7002 0.4970
4686, 2.3875 0.2814
16838, 2.2117 0.4111
2124, 2.6258 0.4821
27084, 2.6825 0.2848
2126, 2.6990 0.4241
18460, 2.4977 0.4945
19142, 2.7675 0.2736
18634, 2.5882 0.4833

Niti55
All: 2.8703 0.5213
2766, 3.6150 0.1653
16920, 3.3512 0.4154
19098, 3.3950 0.4770
2204, 3.1481 0.4164
2202, 3.0932 0.4372
2758, 3.5175 0.2832
9182, 2.7925 0.4341
858, 3.0486 0.2940
2124, 3.2938 0.3634
398, 3.0893 0.4891
202, 3.1214 0.4048
4686, 3.3638 0.4640
718, 3.5775 0.3026
18638, 3.3450 0.4967
16838, 3.2375 0.3943
10380, 3.3541 0.3824
590, 3.4055 0.4105
17094, 3.5137 0.2716
 14, 2.9811 0.3734
4442, 3.3425 0.4324
2510, 3.5500 0.2372
862, 2.8400 0.5045
2782, 3.0675 0.3706
974, 3.0846 0.3227
17238, 2.5350 0.4786
2254, 3.3450 0.4967
206, 3.1808 0.3846
2118, 3.2305 0.4196
2188, 3.0938 0.4940
18590, 3.2075 0.3549

Niti56
All: 2.9985 0.5582
2134, 3.5104 0.4062
3038, 3.4075 0.4095
222, 3.2918 0.3069
990, 3.9900 0.0173
206, 3.4441 0.2594
2252, 3.3548 0.4777
4958, 3.8450 0.2461
718, 3.5532 0.4099
18638, 3.5175 0.3574
2118, 3.3520 0.4745
590, 3.5499 0.4116
2270, 3.3292 0.1873
19422, 3.9850 0.0166
2254, 3.3669 0.3040
2142, 3.2275 0.3858
19150, 3.7750 0.3668
2190, 3.5315 0.3610
4574, 3.1900 0.4751
666, 3.4468 0.4896
2204, 3.5035 0.4460
2758, 3.4542 0.5050
2076, 3.4150 0.4398
4694, 3.5622 0.4079
18572, 3.4394 0.5277
8906, 3.6175 0.4272
158, 3.2218 0.3204
2766, 3.4495 0.3291
734, 3.6037 0.2295
18574, 3.6244 0.3900
18636, 3.5185 0.4667
2782, 3.3955 0.3578
27340, 3.3950 0.4883
142, 3.3886 0.3644
17238, 3.6175 0.4423
19038, 3.5200 0.4646
862, 3.8975 0.1553
27614, 3.6025 0.3454
2126, 3.5023 0.3806
27342, 3.7750 0.3670
19142, 3.5450 0.4410
2458, 3.4106 0.4179
2202, 3.4179 0.3214
4766, 3.2200 0.3253
2124, 3.3821 0.4202
974, 3.5175 0.4620
18460, 3.5150 0.4869
18634, 3.5221 0.4590

HM Act57
All: 2.0464 0.8746
2184, 2.6392 0.3596
18572, 2.9225 0.4757
18636, 3.0325 0.3826
2766, 3.0850 0.2931
2188, 2.7936 0.4207
2252, 2.8719 0.3761
2458, 2.9750 0.4444
2202, 2.9700 0.4524

HM Korea57
All: 2.6376 0.7969
17238, 3.0250 0.4871
19146, 2.8275 0.3272
 14, 2.8082 0.4654
18590, 2.9438 0.2496
734, 2.9498 0.4241
990, 3.0098 0.4452
2140, 2.8375 0.3995
862, 3.1097 0.4360
718, 2.7685 0.4138
2118, 3.0231 0.3987
588, 2.9786 0.4951
590, 2.9190 0.3371
18654, 2.9200 0.4148
606, 2.9096 0.4385
19166, 2.9213 0.3600
19098, 2.7875 0.3028
19422, 2.7844 0.4913
19102, 2.8925 0.4216
18894, 2.7975 0.3115
2254, 2.5917 0.3364
2510, 2.9325 0.4298
2142, 2.9090 0.4378
2766, 2.6288 0.3184
10372, 2.9995 0.4254
142, 2.8274 0.4429
4574, 2.8950 0.3650
666, 2.9522 0.3733
668, 2.6008 0.3184
2206, 2.8537 0.3003
2758, 3.0000 0.3302
17310, 2.7450 0.4847
4694, 2.9131 0.3258
17118, 2.9475 0.4069
158, 2.8772 0.4583
202, 2.6908 0.4099
19150, 2.8725 0.2879
206, 2.7341 0.4716
23006, 3.1475 0.2984
222, 2.6920 0.4372
10398, 3.1250 0.2022
4766, 2.9600 0.4418
17246, 2.8825 0.3642
9182, 3.0513 0.2516
3038, 2.9634 0.4311
2398, 2.8246 0.3757
2190, 2.7483 0.3547
4438, 2.8657 0.4884
10974, 2.7600 0.4666
27614, 2.9693 0.5029
27294, 2.8125 0.2861
8588, 3.0544 0.4970
662, 2.9650 0.4770
2270, 2.6625 0.3420
924, 2.6625 0.2746
19100, 2.6300 0.3330
10380, 2.9150 0.5416
670, 2.8050 0.3596
17302, 2.6400 0.3433
2076, 2.8338 0.3068
27084, 2.9900 0.0714
974, 2.7431 0.4863
2134, 3.1212 0.3588
18460, 2.9800 0.3289
8670, 3.0150 0.4190
18518, 3.0063 0.4609
2782, 2.7687 0.4351
31710, 2.9380 0.5646

HM Thai57
All: 2.1061 1.0784
2182, 2.6557 0.5700
2076, 3.0444 0.5229
2758, 2.9295 0.5725
 14, 2.7503 0.3813
 74, 2.8248 0.4972
2140, 3.0237 0.4289
390, 2.8079 0.4598

Nited56
All: 2.3922 0.5087
2134, 2.7625 0.3917
2206, 2.7930 0.2819
3038, 3.1650 0.2299
 14, 2.3873 0.3406
222, 2.8387 0.3786
17118, 2.9025 0.5149
17050, 2.8450 0.3688
206, 2.7850 0.4804
17238, 2.9765 0.5697
25438, 2.8563 0.5029
462, 2.9600 0.5081
17102, 3.1075 0.4007
18638, 2.2725 0.3426
2118, 2.6433 0.3875
10312, 2.5850 0.3334
6222, 2.7394 0.4153
2270, 2.6450 0.3717
18518, 2.7050 0.4758
2458, 2.8075 0.4501
19166, 3.0275 0.5014
668, 2.8113 0.3377
19098, 2.8100 0.4392
19422, 2.8725 0.3773
2254, 2.7350 0.5310
2510, 2.5850 0.4939
2142, 2.6683 0.3946
2766, 3.1656 0.5931
17036, 2.6460 0.3399
2182, 2.6586 0.5050
6284, 2.8260 0.4573
6286, 2.9925 0.5026
666, 2.7276 0.3932
19100, 2.8537 0.3795
6302, 3.0425 0.5261
2716, 2.8325 0.2893
17094, 2.7875 0.5567
17310, 2.8875 0.3997
16668, 2.8080 0.5306
4694, 2.8675 0.4941
142, 2.5454 0.3937
4554, 2.9000 0.5523
2758, 2.8838 0.4180
158, 2.7167 0.3318
2252, 2.6482 0.5131
202, 2.7615 0.4568
13214, 3.1885 0.4475
19150, 3.0612 0.5730
6350, 2.7800 0.4207
18846, 2.8875 0.3971
540, 2.6405 0.3081
23006, 3.4087 0.2854
734, 3.0808 0.2923
16924, 2.8500 0.2602
2076, 2.6937 0.4127
17098, 2.5850 0.3723
16798, 2.9850 0.4330
350, 3.1067 0.2909
670, 2.7825 0.2795
17246, 3.0954 0.5228
17054, 2.6683 0.4217
9182, 3.2637 0.3539
990, 3.2442 0.3157
27340, 3.2283 0.6147
2190, 2.5592 0.4131
4438, 2.8979 0.5347
4636, 2.7439 0.3453
862, 3.1218 0.3020
10974, 3.0206 0.3430
27614, 3.1904 0.3492
4810, 3.0795 0.4705
18636, 3.0675 0.7225
17358, 2.9725 0.5260
2188, 2.5519 0.5138
19142, 3.2662 0.4404
17302, 2.9700 0.3705
17306, 2.7000 0.3362
4766, 2.8325 0.3778
2202, 2.7873 0.4024
8862, 3.1808 0.4861
4958, 3.3383 0.3726
13278, 3.1608 0.3818
18590, 2.7962 0.4443
714, 2.9091 0.5096
2124, 2.6417 0.4741
27082, 2.9125 0.5701
6606, 3.0975 0.4938
2126, 2.6000 0.4426
17374, 3.0312 0.4217
8732, 2.8237 0.2741
25566, 3.1531 0.4976
2782, 3.4200 0.3850
31710, 3.2775 0.5596
5070, 3.2425 0.3922
18634, 2.8037 0.4819

Biz55
All: 2.3035 0.3943
2116, 2.5781 0.3109
2184, 2.5644 0.3846
18572, 2.4700 0.3326
 14, 2.6583 0.3677
2076, 2.8700 0.2561
590, 2.5233 0.3644
18460, 2.5000 0.3366

EC55
All: 2.9954 0.4705
2134, 3.1446 0.2502
 14, 2.9177 0.3911
536, 3.2486 0.3814
18590, 3.2470 0.3059
19422, 3.6000 0.1518
18460, 3.4225 0.3167
8862, 2.7550 0.3970
17118, 3.0750 0.1546
17050, 3.4183 0.2938
17374, 3.2687 0.3537
17306, 3.4925 0.1988
206, 3.0807 0.2175
2254, 3.2642 0.2686
18636, 3.5337 0.3451
2142, 3.2013 0.2986
462, 3.1086 0.2495
718, 3.2739 0.2532
18846, 3.4075 0.0618
2118, 3.2124 0.2817
17358, 3.1358 0.2445
590, 3.1785 0.3123
2270, 3.2008 0.2662
2140, 3.1516 0.2788
19166, 3.1115 0.2698
3038, 3.2765 0.3175
19102, 3.3143 0.3446
18894, 3.1200 0.4205
18638, 3.3353 0.2975
2510, 3.2081 0.2832
17036, 3.4189 0.2816
6302, 3.4675 0.3238
2190, 3.1628 0.2671
2202, 3.2076 0.2749
2204, 3.1646 0.2366
2206, 3.2430 0.3050
2716, 3.4375 0.2491
2758, 3.1147 0.2064
17310, 3.5225 0.1867
 28, 3.1123 0.3520
2188, 3.2287 0.2819
202, 3.1690 0.2552
17038, 3.3600 0.3531
4814, 3.2742 0.2883
710, 3.2375 0.2923
158, 3.1576 0.2799
2252, 3.2693 0.2466
13214, 3.4742 0.2529
17100, 3.1992 0.3253
2766, 3.2614 0.2752
19150, 3.2923 0.2699
2462, 3.3369 0.2856
23006, 3.1750 0.3011
222, 3.1053 0.2098
6878, 3.1238 0.3563
18574, 3.2473 0.3262
6606, 3.4800 0.3235
6862, 3.2358 0.3233
670, 3.2016 0.3011
4766, 3.2475 0.3043
19036, 3.3833 0.3023
862, 3.2986 0.3280
25566, 3.0200 0.1800
734, 3.0710 0.2627
8910, 3.2906 0.2920
27340, 3.3525 0.3049
17102, 3.2241 0.2968
2398, 3.0129 0.1747
142, 3.0569 0.2989
2198, 3.1327 0.2253
858, 3.0318 0.2375
19038, 3.3213 0.3740
350, 3.0933 0.2771
19148, 3.3475 0.2485
2126, 3.1663 0.2606
27294, 2.9425 0.0626
27342, 3.3525 0.2629
18572, 3.3851 0.2889
19142, 3.1963 0.3635
17302, 3.5650 0.1857
2458, 3.2576 0.2885
924, 3.1423 0.2311
16798, 3.2625 0.3071
18654, 3.2161 0.2840
4958, 3.3825 0.2548
662, 3.2033 0.2565
10380, 3.1823 0.3298
17246, 3.3825 0.2548
17098, 3.4425 0.2634
2076, 3.1588 0.2386
974, 3.0862 0.1701
9182, 3.2900 0.4573
4686, 3.3735 0.2896
990, 3.1364 0.2359
18518, 3.1147 0.2820
2782, 3.1926 0.2739
5070, 3.5725 0.1847
19094, 3.2325 0.3394
18634, 3.2339 0.3627

