Ac57
All: 2.5351 0.4441
 36, 2.7957 0.3319
  6, 2.6186 0.3133
 14, 2.6413 0.3190
 78, 2.5652 0.2673
164, 2.6979 0.3319
102, 2.4667 0.3375

Eng55
All: 2.7320 0.4108
164, 2.8313 0.3183
102, 2.8217 0.2549
 14, 2.9049 0.2732
 36, 2.7788 0.2156
  6, 2.6745 0.2968
 78, 2.9706 0.2529

ICT55
All: 2.6570 0.4562
 36, 2.9123 0.4596
  6, 2.7719 0.3455
140, 2.7117 0.4226
 12, 2.8600 0.4240
 14, 2.6927 0.3368
 78, 3.5867 0.2117
164, 3.1371 0.4439

ICT56
All: 2.4973 0.5576
 36, 2.7998 0.5528
  6, 2.5364 0.3312
140, 3.1133 0.4321
 12, 2.8273 0.4906
 14, 2.7602 0.3182
174, 2.8850 0.2983
102, 3.0882 0.3978
164, 2.8530 0.4417
 78, 2.7553 0.2414

ICT57-All
All: 2.4905 0.5863
2134, 2.5030 0.3105
2206, 2.3380 0.3815
 14, 2.6905 0.4027
222, 2.4700 0.2139
536, 2.7270 0.5510
2076, 2.3682 0.5265
858, 2.3690 0.3916
 30, 2.3072 0.3055
734, 2.3067 0.1967
990, 2.3185 0.2298
604, 3.4700 0.2495
206, 2.7192 0.4701
2254, 2.6324 0.5059
2252, 2.5688 0.5858
18782, 2.4682 0.3347
17102, 3.1446 0.6092
2116, 2.7073 0.5283
2118, 2.5650 0.4381
18504, 2.6132 0.3515
 74, 2.7091 0.4676
588, 2.6772 0.4345
590, 2.6235 0.3430
18654, 2.4625 0.3530
16982, 2.6079 0.3426
602, 3.0379 0.3091
2140, 2.6263 0.4684
606, 2.3310 0.3001
2782, 2.2962 0.4634
18638, 2.4736 0.5624
140, 2.7040 0.5405
18894, 2.4225 0.5789
16780, 2.1617 0.4300
2142, 2.5165 0.3904
2766, 2.4525 0.5931
10372, 2.8535 0.4827
2182, 2.5403 0.4032
2184, 2.8550 0.7158
652, 2.3257 0.4655
6302, 2.2125 0.4076
2190, 2.8974 0.6246
150, 2.2246 0.4091
4574, 2.0625 0.3268
2202, 2.4575 0.4057
2204, 2.6977 0.5644
158, 2.2925 0.2993
17094, 2.8144 0.5621
 28, 2.8166 0.4806
4694, 2.5268 0.3684
142, 2.6786 0.4378
18572, 2.8939 0.6427
4382, 3.4550 0.2715
8906, 3.1877 0.6327
4814, 2.3100 0.4625
710, 2.6153 0.4533
17100, 3.2500 0.7412
19146, 2.5450 0.3463
716, 2.3117 0.4370
19150, 2.6108 0.4588
8910, 3.1850 0.5639
23006, 2.0625 0.3268
19166, 2.6483 0.2344
6878, 2.3300 0.4702
18574, 2.9333 0.5302
6350, 3.4900 0.3950
17098, 2.0350 0.4902
4492, 2.1050 0.2637
4748, 2.5800 0.1296
10398, 2.4583 0.2472
18636, 2.7013 0.5933
284, 2.1806 0.3959
286, 2.2683 0.2139
862, 2.2535 0.2635
9182, 2.2775 0.1715
18568, 3.0692 0.6407
6284, 3.1225 0.5931
10974, 2.5067 0.2607
718, 2.3379 0.3330
10380, 3.0619 0.5397
332, 2.9713 0.4878
334, 3.3432 0.3959
2398, 2.3115 0.4025
6286, 3.1993 0.5520
4438, 2.6922 0.3900
4442, 3.3708 0.3925
350, 2.1351 0.3484
19148, 2.5765 0.3859
974, 2.3283 0.2944
8588, 2.5409 0.3942
2188, 2.8685 0.6735
8844, 2.7483 0.3570
2198, 2.3090 0.4439
390, 2.4074 0.4854
392, 2.6181 0.5617
396, 2.3612 0.4314
398, 2.3518 0.4129
2758, 2.4925 0.3336
2270, 2.4725 0.1388
2458, 2.5379 0.3708
924, 2.3438 0.4890
666, 2.3138 0.6154
8606, 2.3425 0.2467
18590, 2.5831 0.4736
202, 2.7002 0.4970
4686, 2.3875 0.2814
16838, 2.2117 0.4111
714, 2.4680 0.3778
2124, 2.6258 0.4821
27084, 2.6825 0.2848
2510, 2.3775 0.5344
2126, 2.6990 0.4241
4380, 3.2710 0.5022
18460, 2.4977 0.4945
18582, 2.3163 0.4194
18518, 2.7763 0.2752
19142, 2.7675 0.2736
204, 2.4463 0.5582
18634, 2.5882 0.4833

Niti55
All: 2.8703 0.5213
164, 3.3333 0.3631
102, 3.4133 0.3596
 12, 3.1299 0.3457
 14, 3.0828 0.2919
 46, 3.3056 0.3099
 36, 3.1424 0.4175
  6, 2.9681 0.3345
 78, 3.0333 0.4718

Niti56
All: 2.9985 0.5582
164, 3.5180 0.4398
  6, 3.3621 0.3338
 14, 3.4846 0.2865
 12, 3.3796 0.4096
 78, 3.6900 0.3191
 36, 3.2886 0.4229
102, 3.1867 0.1936

HM Act57
All: 2.0464 0.8746

HM Korea57
All: 2.6376 0.7969
 36, 2.9382 0.3634
 12, 2.9369 0.3319
 14, 3.0019 0.4122
164, 3.0380 0.4339
 78, 3.3589 0.3250

HM Thai57
All: 2.1061 1.0784
 36, 2.8758 0.5154
 38, 3.0920 0.3453
  6, 2.8448 0.3204
 14, 2.8885 0.3768
174, 2.8973 0.4334
238, 2.9278 0.3969
 46, 2.9998 0.3956
164, 2.9500 0.4353
 78, 2.7905 0.5696
166, 2.8533 0.4865

Nited56
All: 2.3922 0.5087
164, 2.8311 0.5023
 12, 2.6183 0.3513
 14, 2.8867 0.3199
 36, 2.6143 0.4027
 78, 3.2697 0.3586

Biz55
All: 2.3035 0.3943
 36, 2.6264 0.3648
  6, 2.6673 0.3322
 12, 2.6864 0.3283
164, 2.4217 0.2972
 38, 2.7950 0.2960

EC55
All: 2.9954 0.4705
 36, 3.2328 0.2731
  6, 2.9785 0.3064
140, 3.5400 0.2085
 12, 3.1699 0.2782
 14, 3.1026 0.2727
 78, 3.3987 0.2503
164, 3.1719 0.3061

