Ac57
All: 2.5351 0.4441
 38, 2.7428 0.3312
 12, 2.7804 0.3503
 46, 2.5903 0.3764
174, 2.5145 0.3465
238, 2.3325 0.2153
166, 2.5170 0.2602

Eng55
All: 2.7320 0.4108
166, 2.7423 0.3140
 38, 2.6681 0.2699
 12, 2.8927 0.3734
 46, 2.8856 0.2234
174, 2.9133 0.2723
238, 3.0683 0.2600

ICT55
All: 2.6570 0.4562
 38, 2.8797 0.3822
174, 3.1542 0.3229
238, 2.6433 0.3443
 46, 2.6230 0.2842
102, 2.8159 0.3010
166, 3.2300 0.3290

ICT56
All: 2.4973 0.5576
 38, 2.9453 0.4307
238, 2.9078 0.2869
 46, 2.7784 0.2915
166, 2.8944 0.4085

ICT57-All
All: 2.4905 0.5863

Niti55
All: 2.8703 0.5213
 38, 3.1868 0.3706
174, 2.9417 0.2145
238, 2.6900 0.4575
166, 3.5060 0.3427

Niti56
All: 2.9985 0.5582
 38, 3.3930 0.3397
 46, 3.3437 0.2547
174, 3.6033 0.1992
238, 3.6811 0.2381
166, 3.5253 0.4274

HM Act57
All: 2.0464 0.8746
 36, 2.7482 0.3740
 38, 2.9673 0.3195
164, 2.9933 0.5119
166, 3.1400 0.3049
 46, 3.2100 0.2061

HM Korea57
All: 2.6376 0.7969
  6, 2.8137 0.4072
 38, 2.7088 0.3816
140, 2.5067 0.2933
174, 2.9151 0.4024
238, 3.0096 0.4669
102, 2.7878 0.3718
 46, 2.8211 0.3773
166, 2.9739 0.2818

HM Thai57
All: 2.1061 1.0784
 12, 2.9130 0.4692

Nited56
All: 2.3922 0.5087
 38, 2.6830 0.4370
102, 2.9107 0.4726
140, 2.6533 0.3103
 46, 2.9219 0.3332
174, 3.1698 0.3397
238, 3.2713 0.3520
  6, 2.4876 0.3287
166, 2.9433 0.4626

Biz55
All: 2.3035 0.3943
166, 2.4700 0.3840
 46, 2.9800 0.2988

EC55
All: 2.9954 0.4705
166, 3.3319 0.2690
174, 3.1619 0.2169
238, 3.2567 0.2070
 46, 3.1945 0.2500
 38, 3.2107 0.2537
102, 3.2248 0.2748

