Niti56
All: 2.9985 0.5582
19146, 3.7675 0.3683
 14, 3.3829 0.3497
536, 3.3973 0.4383
 28, 3.2967 0.4185
 30, 3.4619 0.3697
2116, 3.3121 0.4882
18504, 3.4205 0.5300
 74, 3.3507 0.4125
588, 3.4796 0.4362
16982, 3.5502 0.4543
602, 3.6272 0.3844
2140, 3.4325 0.4395
606, 3.2847 0.3793
140, 3.3080 0.4091
16780, 3.2175 0.1760
652, 3.4755 0.4136
10372, 3.5017 0.4545
2182, 3.2163 0.5226
2184, 3.1853 0.4741
8844, 3.5812 0.4226
662, 3.3325 0.3143
670, 3.0925 0.2339
4380, 3.5575 0.4438
16668, 2.8775 0.5611
710, 3.5463 0.4542
17100, 3.0325 0.3153
202, 3.3835 0.4311
716, 3.6558 0.2804
8910, 2.9350 0.7301
4492, 3.4935 0.4436
350, 3.9950 0.0087
284, 3.4672 0.4177
286, 3.6837 0.2900
18568, 3.3576 0.5587
10380, 3.5316 0.4512
332, 3.4350 0.4785
19148, 2.8475 0.5865
8588, 3.5437 0.3811
2188, 3.3441 0.4444
150, 3.6013 0.3719
390, 3.4197 0.3664
392, 3.2857 0.4383
396, 3.3438 0.3892
398, 3.3004 0.4446
8598, 3.5317 0.4851
924, 3.3850 0.3823
414, 3.6519 0.3367
714, 3.6063 0.4131
4686, 3.5275 0.4718
2198, 3.3567 0.5029
18518, 3.8350 0.2634
204, 3.2762 0.4335
8606, 3.8450 0.2456

Ac57
All: 2.5351 0.4441
17100, 2.4900 0.3408
19146, 2.6850 0.4142
2206, 2.6975 0.4065
 14, 2.5573 0.3340
536, 2.7916 0.3817
 28, 2.7932 0.3891
 30, 2.6642 0.3629
2116, 2.8676 0.3730
18504, 2.5923 0.3546
 74, 2.6744 0.3890
588, 2.6400 0.3612
4686, 2.4735 0.2216
19034, 2.6288 0.3349
604, 2.4522 0.3455
19098, 2.4850 0.4093
140, 2.7168 0.3608
16780, 2.4656 0.3032
652, 2.8323 0.3145
2184, 2.8266 0.3491
150, 2.6718 0.3432
6302, 2.2350 0.2482
602, 2.6301 0.3235
4694, 2.5848 0.2908
4382, 2.5637 0.2652
18782, 2.1900 0.2761
8906, 2.5122 0.2764
16668, 2.5617 0.3703
4810, 2.3075 0.2118
716, 2.7492 0.3928
414, 2.7563 0.4777
4492, 2.6147 0.2992
8652, 2.8225 0.2027
4510, 2.5629 0.3382
284, 2.7634 0.3728
286, 2.5855 0.2946
18568, 2.7985 0.3648
6284, 2.6002 0.4553
16986, 2.8325 0.3388
334, 2.4541 0.3248
2198, 2.9468 0.3285
4442, 2.4775 0.3190
8588, 2.6510 0.3900
8844, 2.7125 0.2834
662, 2.6086 0.3966
390, 2.7089 0.3966
396, 2.7052 0.3749
8598, 2.5604 0.2726
2458, 2.9025 0.4609
924, 2.5825 0.2819
15052, 2.4000 0.2939
332, 2.6502 0.3672
972, 2.8470 0.3206
6494, 2.6150 0.3556
4380, 2.6017 0.3561
18460, 2.6567 0.3084
204, 2.7311 0.3450
8606, 2.2950 0.2366

Biz55
All: 2.3035 0.3943
10372, 2.4975 0.5931
652, 2.7550 0.5332
142, 2.6669 0.3330
140, 2.7039 0.3693
 74, 2.8186 0.3641
588, 2.5545 0.2425
2124, 2.3175 0.4509
392, 2.6899 0.3451
2188, 2.7753 0.3935
204, 2.6300 0.3634
536, 2.7957 0.4690
 28, 2.6631 0.3353
202, 2.8867 0.4448

EC55
All: 2.9954 0.4705
716, 2.9275 0.2698
19146, 3.2750 0.2577
19034, 3.3550 0.2530
 30, 2.9518 0.3135
604, 3.2498 0.2426
2116, 3.2286 0.4029
 74, 3.1177 0.3025
588, 3.0378 0.3262
16982, 3.0312 0.4049
602, 3.2870 0.2938
606, 3.0947 0.2951
19098, 3.4025 0.3128
19030, 3.3213 0.3777
396, 3.1469 0.3335
10372, 3.0891 0.2880
2182, 3.1396 0.3001
2184, 3.3531 0.2821
652, 3.1248 0.2396
150, 3.0723 0.2956
4438, 2.8583 0.4062
4694, 3.3050 0.2074
286, 3.3925 0.4160
16668, 3.1675 0.2912
8906, 3.3625 0.3171
714, 3.0255 0.3169
540, 3.3786 0.3808
414, 3.3288 0.2352
4492, 3.3338 0.1654
4748, 3.3475 0.2473
8908, 3.3250 0.3007
284, 3.0495 0.4167
2124, 3.2684 0.3004
18568, 3.0107 0.3917
6284, 2.9908 0.3194
4494, 3.2975 0.3455
16986, 3.3425 0.2472
8598, 3.4575 0.1207
140, 3.0558 0.3280
332, 3.0190 0.3460
334, 3.1956 0.2819
17238, 3.2838 0.1592
4636, 3.3712 0.3517
8844, 3.2217 0.2250
18582, 3.2138 0.2648
390, 3.2338 0.3827
392, 3.2459 0.3440
8588, 3.1191 0.3084
398, 3.1602 0.2254
4442, 3.2300 0.2946
666, 3.1854 0.2769
668, 3.4475 0.2454
18504, 2.7917 0.4119
10398, 3.2675 0.3948
16838, 3.3100 0.3701
972, 3.2050 0.3729
4380, 3.2725 0.2231
204, 3.0600 0.2146

Eng55
All: 2.7320 0.4108
17100, 2.7450 0.2716
16982, 2.8455 0.2849
19146, 2.7396 0.2949
972, 2.8213 0.3075
 14, 2.6332 0.3271
150, 2.9200 0.3444
536, 2.9442 0.3709
2076, 2.9442 0.4254
4442, 2.9625 0.3386
 30, 2.8650 0.3503
13214, 3.0275 0.3327
206, 2.6910 0.3367
2254, 2.5804 0.2728
18636, 2.7925 0.2795
18504, 2.8192 0.3441
 74, 2.8522 0.4188
588, 2.7932 0.3603
590, 2.6794 0.3292
18518, 2.7906 0.3932
602, 2.8600 0.2348
19166, 2.9325 0.4216
19098, 2.7125 0.2887
19030, 2.9475 0.3247
140, 2.7164 0.2852
396, 2.9093 0.2692
2142, 2.9337 0.3339
10372, 2.9564 0.4062
18568, 2.7622 0.3285
8844, 2.8825 0.4640
18582, 2.8300 0.3487
2206, 2.9025 0.2715
4380, 2.8530 0.3518
286, 2.9750 0.2613
18782, 2.8450 0.3905
8906, 2.9814 0.3473
158, 2.7850 0.3393
716, 2.7994 0.2505
8908, 2.9325 0.4365
2766, 2.7235 0.2589
8910, 2.6892 0.2655
2462, 3.2125 0.2685
17118, 2.7450 0.2582
414, 3.0950 0.2809
2252, 2.6427 0.1783
17238, 2.9769 0.3463
4510, 3.0875 0.3706
284, 2.8658 0.3639
4382, 3.0000 0.2939
19036, 2.9700 0.3291
17246, 2.9900 0.3754
2184, 2.7332 0.2158
6284, 2.8031 0.2501
222, 2.6525 0.2194
27084, 2.9775 0.3807
27340, 2.9575 0.4172
10380, 2.7856 0.4176
332, 2.7796 0.2415
6302, 2.7375 0.2639
17102, 2.6688 0.3448
142, 2.6574 0.3078
4438, 2.8930 0.4156
858, 2.9304 0.3368
19148, 2.7218 0.2391
974, 2.8250 0.2833
2126, 2.6800 0.3512
8588, 2.8975 0.2671
2188, 2.7054 0.2524
27342, 2.9100 0.4835
2198, 2.9530 0.2449
390, 2.9175 0.3956
4492, 2.8878 0.3074
606, 2.9567 0.3498
398, 2.9638 0.2960
19142, 2.9125 0.3513
8598, 3.1367 0.2795
2458, 2.7421 0.2836
924, 2.9450 0.2978
666, 3.0067 0.3966
18846, 2.5675 0.1190
4958, 3.2075 0.2877
662, 2.9375 0.3076
202, 2.8581 0.3876
15052, 2.7862 0.2291
714, 2.8425 0.2711
2124, 2.8800 0.3141
8652, 2.9350 0.4218
10398, 2.9512 0.4059
334, 2.8288 0.2211
2782, 3.1325 0.2754
204, 2.6425 0.2657

HM Act57
All: 2.0464 0.8746

HM Korea57
All: 2.6376 0.7969
536, 2.9688 0.3425
 28, 2.9388 0.3975
 30, 2.9885 0.4507
2116, 3.2019 0.2866
18504, 2.9142 0.3721
 74, 2.9633 0.3968
16982, 3.4500 0.2253
602, 3.1696 0.5185
604, 2.8469 0.3733
19030, 3.2875 0.4631
396, 2.9674 0.4227
18568, 3.0872 0.4334
140, 2.8717 0.4452
150, 3.0070 0.4580
4380, 3.1542 0.5233
2188, 2.8242 0.5082
8906, 3.2975 0.4746
16668, 2.7975 0.4468
710, 3.0181 0.3303
204, 3.1250 0.5129
540, 2.6458 0.4297
414, 3.1475 0.3289
4510, 3.5088 0.2502
284, 3.0076 0.3920
18572, 3.4600 0.2414
332, 3.0532 0.4014
334, 2.8170 0.4052
2198, 3.0475 0.3373
858, 3.0250 0.4013
350, 2.9591 0.5614
8844, 2.9150 0.3675
390, 3.1502 0.3430
392, 3.0040 0.3950
4492, 3.1342 0.3432
398, 3.0213 0.2643
8598, 3.2300 0.4573
2202, 2.8795 0.4172
2462, 2.9625 0.2500
4958, 3.4763 0.4040
714, 2.8550 0.1883
4686, 3.1425 0.2103
8606, 3.0575 0.0965

HM Thai57
All: 2.1061 1.0784
4382, 2.7325 0.6162
2198, 2.9725 0.3959
 28, 3.0850 0.2183
392, 2.8250 0.6601
 30, 2.8426 0.3555
2188, 2.8784 0.6036
606, 2.6075 0.4448
142, 2.9274 0.3635
222, 2.9633 0.3523
10398, 2.9350 0.3882
286, 2.8454 0.5126
350, 2.7850 0.6351
17238, 2.9813 0.3921
414, 2.9071 0.5382
4438, 2.8575 0.5745
4574, 2.9300 0.5957
2458, 3.0565 0.4610
2202, 2.8350 0.4996
2206, 2.9020 0.5469
734, 2.8286 0.4213
27614, 2.9500 0.3974
862, 2.9050 0.3583
666, 3.0267 0.3153
990, 2.9705 0.3532
4380, 2.7200 0.5733
284, 2.9160 0.4277
206, 2.9500 0.3833
2184, 2.5687 0.6171
158, 2.9505 0.4477
18574, 2.6800 0.5646
202, 3.0842 0.3719
8910, 2.6483 0.6098
718, 2.8190 0.5061
18638, 2.9925 0.4020
19148, 3.1800 0.1933
710, 3.0508 0.3731
8906, 2.9600 0.4619
396, 2.9855 0.3432
714, 3.1125 0.4121
2252, 3.1110 0.3891
19038, 2.7617 0.5068
2766, 3.0750 0.3398
2270, 3.2833 0.3420
9182, 2.8310 0.4938
13278, 2.8550 0.5416
2398, 2.9717 0.4741
398, 2.9686 0.4245
2462, 2.9206 0.6436
23006, 2.7425 0.5804
858, 3.0325 0.4604
2782, 3.0296 0.4044
19166, 2.8838 0.5046
3038, 2.9287 0.5575
974, 2.9125 0.3857
2126, 2.9350 0.3828
2190, 2.9300 0.5990
2254, 3.2237 0.3378
140, 2.9614 0.3445
2142, 2.8837 0.5080

ICT55
All: 2.6570 0.4562
2206, 2.5675 0.1843
 14, 2.7119 0.3428
536, 2.8628 0.5269
 30, 2.7155 0.3911
2140, 3.2888 0.5503
2116, 2.9450 0.5272
10312, 3.0464 0.5183
 74, 2.8175 0.4354
2124, 3.0850 0.4530
590, 3.5100 0.2894
16982, 2.6919 0.4254
2134, 2.7830 0.3880
606, 3.1250 0.4682
668, 2.4225 0.4236
662, 2.2933 0.3113
140, 2.9157 0.4757
2142, 2.4688 0.2945
17036, 2.1925 0.3163
10372, 3.0844 0.5179
2182, 3.0358 0.5679
6284, 2.8337 0.3721
2198, 2.6571 0.3868
666, 2.9337 0.3752
710, 3.2300 0.4030
 28, 2.8705 0.4361
284, 3.1389 0.4824
19146, 3.5012 0.1764
8906, 3.4475 0.3236
716, 3.0500 0.5324
202, 2.8871 0.3435
2252, 3.1005 0.5567
718, 3.6250 0.1141
540, 2.6350 0.4932
604, 2.7045 0.5593
18574, 3.3250 0.4575
4492, 3.2850 0.5547
670, 2.1950 0.2069
4380, 3.3575 0.4488
18568, 3.0973 0.5385
4494, 3.3275 0.4849
652, 2.7644 0.4471
332, 2.8388 0.4785
334, 2.6764 0.3349
398, 2.6979 0.4008
4438, 3.2312 0.3240
4636, 3.2025 0.4346
350, 3.0325 0.5563
8588, 3.2040 0.4428
2188, 2.9929 0.5085
8844, 3.1858 0.6005
150, 2.4771 0.4147
390, 2.6684 0.4274
392, 2.9044 0.5160
396, 2.9227 0.4952
924, 2.2625 0.2940
2202, 3.0139 0.4613
8606, 3.5625 0.1881
10380, 3.2373 0.4481
4686, 3.4950 0.3144
714, 2.9469 0.3250
588, 3.0123 0.4389
462, 3.1925 0.3730
2126, 2.8137 0.3701
18518, 2.7388 0.4040
204, 2.9108 0.4590

ICT56
All: 2.4973 0.5576
17100, 2.9331 0.5179
16982, 2.9143 0.4992
17356, 2.9875 0.3218
 14, 2.4627 0.3551
8538, 2.7950 0.4827
536, 2.7723 0.6031
18590, 2.7988 0.4552
 28, 2.5027 0.4212
4442, 2.8550 0.4082
 30, 2.4907 0.3478
8862, 2.9875 0.3218
206, 2.5475 0.2799
2252, 2.9979 0.5724
2116, 2.8544 0.6118
2118, 2.7883 0.5321
 74, 2.5488 0.4512
2126, 2.9781 0.4605
602, 2.9102 0.4147
606, 2.5625 0.4399
19098, 2.9450 0.3362
6878, 2.8350 0.2316
19102, 3.2000 0.3652
19030, 3.0938 0.2865
18638, 2.6575 0.3978
16780, 2.9078 0.4940
2510, 3.2583 0.4353
396, 2.7567 0.3926
2766, 2.7875 0.2680
17036, 2.9537 0.4655
10372, 2.6923 0.4548
2182, 2.9736 0.5468
652, 2.7114 0.4324
142, 2.6328 0.3581
19150, 3.0475 0.4507
662, 2.9179 0.4618
2202, 2.7507 0.4293
2206, 2.9429 0.3101
4438, 2.8764 0.4588
710, 2.8773 0.4769
4694, 2.4325 0.3332
4382, 2.7138 0.2944
18782, 3.1325 0.3461
19146, 2.9533 0.4709
8906, 2.9118 0.4961
19148, 2.9364 0.4689
202, 2.5592 0.4239
716, 2.7575 0.4007
718, 2.9696 0.3755
2462, 2.7815 0.3301
604, 3.1975 0.5415
414, 2.6474 0.2860
13262, 2.9450 0.1274
17098, 3.0600 0.4044
4748, 2.7675 0.4603
8908, 2.6363 0.2971
10398, 2.9367 0.4130
4510, 2.7340 0.2694
670, 2.9633 0.4211
284, 2.8362 0.4881
286, 2.5576 0.3259
19036, 3.0650 0.4271
17054, 3.1800 0.3916
18568, 2.8149 0.5753
334, 2.9688 0.3312
4494, 2.9633 0.4070
27084, 3.0550 0.2268
140, 2.6800 0.4708
332, 2.8134 0.4675
6302, 3.0787 0.4778
2398, 2.8838 0.3723
18574, 2.6678 0.4083
2198, 2.9413 0.5306
858, 3.0691 0.4703
350, 2.7128 0.2967
10974, 3.1525 0.4298
18636, 2.7630 0.5398
8588, 2.8300 0.3663
8844, 2.4792 0.4801
150, 2.7794 0.5128
390, 2.8500 0.5221
392, 2.7383 0.5696
6558, 3.0500 0.4975
4492, 2.7939 0.3868
18572, 2.8251 0.5606
398, 2.9045 0.4017
19142, 2.9650 0.5705
8598, 2.8656 0.2685
2458, 2.7104 0.3428
4766, 2.9050 0.4521
18846, 2.8510 0.2799
2204, 2.8518 0.5030
17046, 3.0675 0.3918
10380, 2.8949 0.4889
158, 2.6672 0.3288
10312, 2.9230 0.5134
714, 3.0684 0.4309
588, 2.5770 0.4544
972, 3.0137 0.5054
974, 3.1538 0.2679
6494, 2.5812 0.3116
590, 2.6500 0.4141
4380, 2.6964 0.4470
18460, 2.8200 0.4406
204, 2.7388 0.5724
8606, 2.6405 0.3416

Nited56
All: 2.3922 0.5087
17100, 2.5975 0.4434
19146, 2.8950 0.4210
536, 2.6677 0.3813
 28, 2.6061 0.3553
4442, 2.9750 0.4769
 30, 2.6126 0.3050
2140, 2.4050 0.6622
16982, 3.0163 0.5614
2116, 2.6049 0.3634
 74, 2.5393 0.4144
588, 2.7094 0.5302
602, 3.1869 0.3688
604, 2.8125 0.3776
19030, 3.1625 0.5160
140, 2.5778 0.3989
16780, 2.8016 0.4898
10372, 2.7463 0.5649
18568, 2.7135 0.4869
150, 3.0682 0.3733
4574, 3.2150 0.3702
18572, 2.6562 0.4517
18574, 2.2400 0.3753
8906, 3.0095 0.5443
716, 2.6850 0.3466
414, 3.1984 0.3712
4492, 2.9812 0.5516
4748, 2.9175 0.3999
4510, 3.2883 0.3718
284, 2.6233 0.4171
286, 3.1407 0.4130
2184, 2.5809 0.4846
334, 2.5044 0.4161
590, 2.8540 0.4987
718, 3.3150 0.3251
8598, 3.0800 0.5156
652, 2.8186 0.3807
332, 2.8313 0.4388
710, 2.6722 0.3558
2398, 3.4075 0.4021
398, 3.0042 0.4316
2198, 3.0000 0.3669
858, 3.2850 0.2974
19038, 3.2975 0.3144
19148, 3.2825 0.5898
974, 3.1725 0.4243
8588, 3.1297 0.4229
8844, 2.5225 0.4900
662, 2.9062 0.3391
390, 2.9600 0.3410
392, 2.6737 0.4440
396, 2.9047 0.3779
606, 3.0700 0.3196
4494, 3.0963 0.4895
2204, 2.8225 0.3955
18504, 2.7044 0.5003
10380, 2.9192 0.4696
6494, 3.2700 0.2917
4380, 2.9709 0.5733
18460, 2.9725 0.5821
204, 2.5517 0.3628
8606, 3.2950 0.3790

Niti55
All: 2.8703 0.5213
8844, 3.5187 0.2442
17100, 3.3025 0.4089
662, 3.6025 0.2301
390, 3.0416 0.3726
 28, 2.9465 0.3507
392, 3.1401 0.4288
602, 2.9459 0.5126
652, 3.1650 0.4591
16780, 3.2883 0.4663
18572, 3.3472 0.4280
142, 3.0836 0.4253
350, 2.9612 0.2286
716, 2.6325 0.6316
150, 3.1492 0.2349
18636, 3.5300 0.2806
536, 3.1883 0.3824
10372, 3.3225 0.4471
 30, 3.0936 0.3544
2190, 3.1400 0.4542
666, 3.4933 0.3286
2076, 3.1355 0.4422
284, 3.5070 0.3563
18568, 3.2669 0.4742
6284, 3.3669 0.3743
4380, 3.3067 0.4225
2252, 3.5150 0.2526
606, 3.0125 0.2458
2184, 3.1140 0.4857
8906, 3.1400 0.4211
16668, 3.3425 0.4807
2116, 3.2427 0.4069
158, 3.2279 0.3127
18504, 3.3590 0.3876
 74, 3.0732 0.3816
588, 3.1599 0.4146
18518, 3.6550 0.1487
18460, 3.3250 0.4703
4492, 3.0945 0.4883
8588, 3.2692 0.3265
710, 3.5213 0.3947
18574, 3.4438 0.4871
140, 3.0918 0.4278
204, 3.2082 0.3676
332, 3.0373 0.4298
2182, 3.0688 0.4708
396, 3.1312 0.3978

