1002 1003
1002 1004
1002 1005
1002 1006
1002 1009
1002 1011
1002 1012
1002 1015
1002 1016
1002 1017
1002 1018
1002 1019
1002 1020
1002 1021
1002 1022
1002 1023
1002 1024
1002 1025
1002 1026
1003 1002
1003 1004
1003 1005
1003 1006
1003 1009
1003 1011
1003 1012
1003 1015
1003 1016
1003 1017
1003 1018
1003 1019
1003 1020
1003 1021
1003 1022
1003 1024
1003 1025
1003 1026
1004 1002
1004 1003
1004 1009
1004 1011
1004 1012
1004 1015
1004 1016
1004 1018
1004 1019
1004 1020
1004 1022
1004 1023
1004 1024
1004 1025
1004 1026
1005 1002
1005 1003
1005 1004
1005 1006
1005 1009
1005 1011
1005 1012
1005 1015
1005 1016
1005 1017
1005 1018
1005 1019
1005 1020
1005 1021
1005 1022
1005 1023
1005 1024
1005 1025
1005 1026
1006 1002
1006 1003
1006 1004
1006 1005
1006 1009
1006 1011
1006 1012
1006 1015
1006 1016
1006 1017
1006 1018
1006 1019
1006 1020
1006 1021
1006 1022
1006 1023
1006 1024
1006 1025
1006 1026
1009 1002
1009 1003
1009 1004
1009 1005
1009 1006
1009 1011
1009 1012
1009 1015
1009 1016
1009 1017
1009 1018
1009 1019
1009 1021
1009 1022
1009 1023
1009 1024
1009 1025
1012 1003
1012 1004
1012 1006
1012 1009
1012 1011
1012 1016
1012 1017
1012 1018
1012 1019
1012 1020
1012 1022
1012 1023
1012 1024
1012 1025
1012 1026
1015 1002
1015 1003
1015 1004
1015 1005
1015 1006
1015 1009
1015 1011
1015 1012
1015 1016
1015 1017
1015 1018
1015 1019
1015 1020
1015 1021
1015 1022
1015 1023
1015 1024
1015 1025
1015 1026
1016 1002
1016 1003
1016 1004
1016 1005
1016 1006
1016 1009
1016 1011
1016 1012
1016 1015
1016 1017
1016 1018
1016 1019
1016 1020
1016 1021
1016 1022
1016 1023
1016 1024
1017 1002
1017 1003
1017 1005
1017 1006
1017 1009
1017 1011
1017 1012
1017 1015
1017 1016
1017 1019
1017 1020
1017 1021
1017 1022
1017 1023
1017 1024
1018 1002
1018 1003
1018 1004
1018 1005
1018 1006
1018 1009
1018 1011
1018 1012
1018 1015
1018 1016
1018 1017
1018 1019
1018 1020
1018 1021
1018 1022
1018 1023
1018 1024
1018 1025
1018 1026
1019 1002
1019 1003
1019 1004
1019 1005
1019 1006
1019 1009
1019 1011
1019 1012
1019 1015
1019 1016
1019 1017
1019 1018
1019 1020
1019 1021
1019 1022
1019 1023
1019 1024
1019 1025
1019 1026
1020 1002
1020 1003
1020 1004
1020 1005
1020 1006
1020 1009
1020 1011
1020 1012
1020 1015
1020 1016
1020 1017
1020 1018
1020 1019
1020 1021
1020 1022
1020 1023
1020 1024
1020 1025
1020 1026
1021 1002
1021 1003
1021 1004
1021 1005
1021 1006
1021 1009
1021 1011
1021 1015
1021 1016
1021 1017
1021 1018
1021 1019
1021 1020
1021 1022
1021 1023
1021 1024
1021 1025
1021 1026
1022 1002
1022 1003
1022 1004
1022 1005
1022 1006
1022 1009
1022 1011
1022 1012
1022 1015
1022 1016
1022 1017
1022 1018
1022 1019
1022 1020
1022 1021
1022 1023
1022 1024
1022 1025
1023 1002
1023 1003
1023 1004
1023 1005
1023 1006
1023 1009
1023 1011
1023 1012
1023 1015
1023 1016
1023 1017
1023 1018
1023 1019
1023 1020
1023 1021
1023 1022
1023 1024
1023 1025
1024 1002
1024 1003
1024 1004
1024 1005
1024 1006
1024 1009
1024 1011
1024 1012
1024 1015
1024 1016
1024 1017
1024 1018
1024 1019
1024 1020
1024 1021
1024 1022
1024 1023
1024 1025
