8004 8001
8004 8019
8004 8023
8004 8033
8004 8037
8004 8041
8004 8042
8004 8046
8004 8053
8004 8057
8004 8059
8004 8060
8004 8070
8004 8079
8013 8012
8013 8014
8013 8018
8013 8044
8013 8052
8013 8066
8013 8069
8013 8072
8013 8080
8014 8012
8014 8013
8014 8022
8014 8044
8014 8052
8014 8066
8014 8069
8014 8072
8014 8080
8015 8006
8015 8012
8015 8016
8015 8017
8015 8018
8015 8019
8015 8030
8015 8031
8015 8035
8015 8062
8015 8063
8018 8004
8018 8006
8018 8012
8018 8015
8018 8016
8018 8017
8018 8020
8018 8021
8018 8027
8018 8030
8018 8031
8018 8033
8018 8035
8018 8063
8019 8004
8019 8023
8019 8034
8019 8041
8019 8042
8019 8057
8019 8059
8019 8060
8019 8070
8019 8079
8020 8001
8020 8010
8020 8027
8020 8033
8020 8037
8020 8038
8020 8048
8020 8073
8023 8004
8023 8019
8023 8022
8023 8041
8023 8042
8023 8057
8023 8059
8023 8060
8023 8070
8023 8079
8030 8004
8030 8006
8030 8012
8030 8016
8030 8017
8030 8018
8030 8031
8030 8033
8030 8063
8031 8004
8031 8006
8031 8012
8031 8017
8031 8021
8031 8035
8031 8037
8031 8063
8033 8001
8033 8004
8033 8015
8033 8018
8033 8021
8033 8030
8033 8031
8033 8037
8033 8041
8033 8055
8033 8063
8033 8085
8037 8001
8037 8004
8037 8019
8037 8020
8037 8021
8037 8022
8037 8023
8037 8028
8037 8030
8037 8031
8037 8033
8037 8034
8037 8038
8037 8041
8037 8042
8037 8055
8037 8063
8037 8085
8042 8004
8042 8019
8042 8023
8042 8041
8042 8053
8042 8057
8042 8059
8042 8060
8042 8070
8042 8079
8043 8045
8043 8055
8043 8058
8043 8068
8043 8075
8043 8082
8043 8085
8045 8043
8045 8055
8045 8058
8045 8068
8045 8075
8045 8082
8045 8085
8054 8007
8054 8019
8054 8029
8054 8040
8054 8051
8054 8056
8054 8062
8054 8073
8054 8076
8055 8043
8055 8045
8055 8058
8055 8068
8055 8075
8055 8082
8055 8085
8057 8004
8057 8019
8057 8023
8057 8041
8057 8042
8057 8053
8057 8054
8057 8059
8057 8060
8057 8070
8057 8079
8058 8001
8058 8043
8058 8045
8058 8055
8058 8068
8058 8075
8058 8080
8058 8082
8058 8085
8059 8004
8059 8019
8059 8023
8059 8041
8059 8042
8059 8053
8059 8057
8059 8060
8059 8070
8059 8079
8060 8004
8060 8041
8060 8042
8060 8046
8060 8050
8060 8053
8060 8055
8060 8057
8060 8059
8060 8070
8060 8079
8062 8004
8062 8015
8062 8041
8062 8042
8062 8050
8062 8059
8062 8063
8068 8043
8068 8045
8068 8055
8068 8058
8068 8075
8068 8082
8068 8085
8070 8004
8070 8019
8070 8023
8070 8041
8070 8042
8070 8053
8070 8057
8070 8059
8070 8060
8070 8079
8079 8004
8079 8019
8079 8023
8079 8041
8079 8042
8079 8053
8079 8057
8079 8059
8079 8060
8079 8070
8080 8006
8080 8012
8080 8013
8080 8014
8080 8022
8080 8044
8080 8052
8080 8055
8080 8066
8080 8072
8082 8043
8082 8045
8082 8055
8082 8058
8082 8068
8082 8075
8082 8085
