4004 4017
4004 4042
4004 4045
4004 4053
4004 4054
4006 4018
4006 4030
4006 4041
4006 4045
4006 4060
4007 4003
4007 4004
4007 4015
4007 4021
4007 4022
4007 4029
4007 4033
4007 4046
4007 4053
4007 4054
4008 4003
4008 4007
4008 4015
4008 4022
4015 4003
4015 4004
4015 4007
4015 4008
4015 4022
4015 4029
4015 4033
4015 4037
4015 4046
4017 4004
4017 4045
4017 4053
4017 4054
4018 4006
4018 4048
4020 4017
4020 4021
4020 4042
4020 4045
4020 4054
4021 4003
4021 4007
4021 4033
4021 4053
4022 4007
4022 4008
4022 4029
4022 4037
4022 4047
4025 4017
4025 4052
4025 4057
4025 4058
4026 4030
4026 4041
4026 4043
4026 4048
4026 4064
4029 4007
4029 4022
4029 4037
4029 4046
4029 4047
4030 4041
4030 4045
4030 4048
4030 4060
4030 4064
4033 4003
4033 4004
4033 4007
4033 4008
4033 4020
4033 4021
4033 4040
4033 4052
4033 4053
4033 4054
4037 4015
4037 4022
4037 4029
4037 4046
4037 4047
4040 4033
4041 4030
4041 4043
4041 4048
4041 4060
4041 4064
4042 4017
4042 4020
4042 4021
4042 4022
4042 4030
4042 4045
4042 4046
4042 4053
4042 4054
4043 4030
4043 4041
4043 4048
4043 4060
4043 4064
4045 4004
4045 4017
4045 4020
4045 4053
4045 4054
4046 4003
4046 4037
4046 4047
4047 4021
4047 4022
4047 4029
4047 4037
4047 4046
4048 4018
4048 4030
4048 4041
4048 4043
4048 4060
4048 4064
4052 4025
4052 4057
4053 4004
4053 4017
4053 4042
4053 4045
4053 4054
4054 4004
4054 4017
4054 4042
4054 4045
4054 4053
4057 4025
4057 4052
4057 4058
4060 4030
4060 4041
4060 4043
4060 4048
4060 4064
4064 4026
4064 4030
4064 4043
4064 4048
4064 4060
