104001 104006
104001 104016
104001 104031
104001 104052
104002 104004
104002 104015
104002 104030
104002 104032
104002 104051
104003 104006
104003 104009
104003 104016
104003 104017
104003 104031
104004 104002
104004 104015
104004 104030
104004 104032
104006 104003
104006 104009
104006 104016
104006 104033
104006 104052
104008 104001
104008 104003
104008 104006
104008 104009
104008 104010
104009 104003
104009 104006
104009 104008
104009 104016
104009 104052
104010 104041
104010 104043
104013 104015
104013 104016
104013 104017
104013 104018
104013 104031
104015 104002
104015 104004
104015 104030
104015 104032
104016 104003
104016 104006
104016 104009
104016 104031
104016 104052
104017 104003
104017 104013
104017 104018
104017 104603
104018 104001
104018 104003
104018 104006
104018 104009
104018 104013
104018 104016
104018 104017
104018 104031
104020 104045
104020 104050
104020 104606
104021 104036
104021 104046
104022 104002
104022 104027
104022 104028
104022 104030
104022 104044
104027 104607
104028 104015
104028 104027
104028 104044
104028 104051
104028 104607
104030 104002
104030 104004
104030 104015
104030 104032
104030 104044
104030 104051
104031 104001
104031 104003
104031 104006
104031 104008
104031 104009
104031 104013
104031 104016
104031 104018
104031 104052
104031 104603
104032 104002
104032 104004
104032 104015
104032 104030
104033 104006
104033 104035
104033 104038
104036 104021
104039 104043
104041 104010
104041 104043
104043 104010
104043 104021
104043 104036
104043 104039
104043 104041
104043 104046
104044 104051
104045 104050
104045 104600
104045 104606
104050 104020
104050 104045
104050 104600
104050 104606
104051 104002
104600 104045
104600 104050
104600 104603
104600 104606
104603 104001
104603 104006
104603 104008
104603 104009
104603 104013
104603 104016
104603 104017
104603 104018
104603 104031
104603 104033
104603 104035
104603 104052
104606 104045
104606 104050
104606 104600
104607 104027
104607 104028
404002 404001
404002 404004
404002 404006
404002 404007
404002 404010
404003 404001
404003 404002
404003 404006
404003 404007
404003 404010
404003 404012
404004 404001
404004 404006
404004 404012
404004 404013
404004 404014
404005 404014
404005 404015
404005 404016
404005 404017
404005 404018
404006 404001
404006 404002
404006 404003
404006 404004
404006 404007
404006 404010
404006 404012
404007 404001
404007 404002
404007 404006
404007 404012
404007 404020
404009 404019
404010 404001
404010 404003
404010 404005
404010 404006
404010 404007
404010 404020
404012 404001
404012 404003
404012 404006
404012 404007
404012 404014
404013 404004
404013 404014
404013 404015
404013 404016
404013 404017
404014 404005
404014 404012
404014 404013
404014 404015
404014 404016
404014 404017
404015 404005
404015 404013
404015 404014
404015 404016
404015 404017
404015 404018
404016 404005
404016 404015
404016 404017
404016 404018
404017 404005
404017 404013
404017 404014
404017 404015
404017 404016
404017 404018
404018 404007
404018 404015
404018 404016
404018 404017
404019 404009
404020 404001
404020 404004
404020 404006
404020 404010
404020 404013
