3 5
3 12
3 31
3 66
5 12
5 23
5 31
5 39
5 66
9 10
9 31
9 51
9 59
9 61
10 9
10 23
10 39
10 40
10 51
10 59
10 61
11 15
11 18
11 24
11 33
11 38
23 39
23 40
24 11
24 15
24 18
24 33
24 38
24 45
25 18
25 31
25 32
25 40
25 45
28 41
28 42
28 53
28 55
28 65
31 5
31 25
31 28
31 32
31 40
32 25
32 28
32 31
32 40
38 18
38 25
38 33
38 45
39 5
39 12
39 25
39 28
39 31
39 32
39 38
39 40
39 53
39 66
40 32
41 42
41 53
41 55
41 65
42 28
42 41
42 53
42 55
42 65
45 25
48 40
56 28
56 31
56 53
56 65
58 28
58 31
58 38
58 40
58 53
58 65
59 23
59 25
59 31
59 32
59 40
59 61
61 25
65 28
65 41
65 42
65 53
65 55
66 5
66 12
84 11
84 15
84 18
84 24
84 25
84 33
84 38
84 45
84 53
85 59
