gsize, den, dia, max_indeg, max_outdeg, avg_edge_btw, edge_conn,avg_indeg,avg_outdeg, avg_gpa
5, 0.6, 2, 4, 4, 2.3333333333333335, 1, 2, 2, 3.404
4, 0.4166666666666667, 3, 2, 2, 4.2, 1, 1, 1, 2.0949999999999998
2, 1.0, 1, 1, 1, 1.0, 1, 1, 1, 2.175
2, 1.0, 1, 1, 1, 1.0, 1, 1, 1, 2.475
18, 0.23529411764705882, 6, 7, 9, 11.66666666666667, 1, 4, 4, 2.867222222222223
2, 1.0, 1, 1, 1, 1.0, 1, 1, 1, 2.98
2, 1.0, 1, 1, 1, 1.0, 1, 1, 1, 3.605
4, 0.75, 2, 3, 3, 1.6666666666666667, 1, 2, 2, 2.7925
2, 1.0, 1, 1, 1, 1.0, 1, 1, 1, 3.8049999999999997
4, 0.5, 3, 3, 2, 3.1666666666666665, 1, 1, 1, 3.3425
2, 1.0, 1, 1, 1, 1.0, 1, 1, 1, 2.23
2, 1.0, 1, 1, 1, 1.0, 1, 1, 1, 2.255
5, 0.7, 3, 4, 4, 1.9285714285714286, 1, 2, 2, 2.522
20, 0.23157894736842105, 6, 9, 9, 10.70454545454546, 1, 4, 4, 2.5285
3, 0.8333333333333334, 2, 2, 2, 1.4, 1, 1, 1, 2.6799999999999997
2, 1.0, 1, 1, 1, 1.0, 1, 1, 1, 3.23
5, 0.75, 2, 4, 4, 1.6666666666666667, 1, 3, 3, 2.584
6, 0.6, 3, 4, 5, 2.388888888888889, 2, 3, 3, 2.7783333333333338
2, 1.0, 1, 1, 1, 1.0, 1, 1, 1, 3.48
2, 1.0, 1, 1, 1, 1.0, 1, 1, 1, 3.5
2, 1.0, 1, 1, 1, 1.0, 1, 1, 1, 2.7199999999999998
10, 0.32222222222222224, 5, 5, 7, 6.82758620689655, 1, 2, 2, 3.5189999999999997
4, 0.9166666666666666, 2, 3, 3, 1.1818181818181819, 2, 2, 2, 3.6025
2, 1.0, 1, 1, 1, 1.0, 1, 1, 1, 3.355
2, 1.0, 1, 1, 1, 1.0, 1, 1, 1, 2.55
12, 0.3409090909090909, 5, 9, 5, 6.555555555555557, 1, 3, 3, 2.873333333333333
8, 0.48214285714285715, 4, 7, 7, 3.4814814814814814, 1, 3, 3, 2.7312499999999997
