gsize, den, dia, max_indeg, max_outdeg, avg_edge_btw, edge_conn,avg_indeg,avg_outdeg, avg_gpa
4, 0.8333333333333334, 2, 3, 3, 1.4, 1, 2, 2, 3.0325
2, 1.0, 1, 1, 1, 1.0, 1, 1, 1, 2.5949999999999998
2, 1.0, 1, 1, 1, 1.0, 1, 1, 1, 2.605
3, 1.0, 1, 2, 2, 1.0, 2, 2, 2, 2.8633333333333333
4, 1.0, 1, 3, 3, 1.0, 3, 3, 3, 2.92
3, 1.0, 1, 2, 2, 1.0, 2, 2, 2, 2.75
5, 0.75, 2, 4, 3, 1.7333333333333334, 1, 3, 3, 2.0279999999999996
17, 0.22794117647058823, 7, 6, 5, 13.564516129032262, 1, 3, 3, 2.50764705882353
2, 1.0, 1, 1, 1, 1.0, 1, 1, 1, 2.175
6, 0.5666666666666667, 3, 5, 4, 2.647058823529412, 1, 2, 2, 2.1983333333333337
21, 0.2642857142857143, 7, 9, 11, 9.83783783783784, 1, 5, 5, 2.756666666666667
17, 0.28308823529411764, 5, 10, 6, 8.623376623376622, 1, 4, 4, 2.8199999999999994
4, 0.9166666666666666, 2, 3, 3, 1.1818181818181819, 2, 2, 2, 2.2424999999999997
3, 1.0, 1, 2, 2, 1.0, 2, 2, 2, 3.2533333333333334
5, 0.6, 3, 3, 3, 2.5, 1, 2, 2, 2.916
3, 1.0, 1, 2, 2, 1.0, 2, 2, 2, 2.6799999999999997
4, 1.0, 1, 3, 3, 1.0, 3, 3, 3, 2.415
6, 0.5, 3, 3, 3, 3.2666666666666666, 1, 2, 2, 2.5850000000000004
15, 0.17142857142857143, 8, 6, 3, 20.166666666666668, 1, 2, 2, 2.5026666666666673
10, 0.2777777777777778, 6, 4, 3, 8.760000000000002, 1, 2, 2, 2.629
2, 1.0, 1, 1, 1, 1.0, 1, 1, 1, 2.82
4, 1.0, 1, 3, 3, 1.0, 3, 3, 3, 3.6025
7, 0.7142857142857143, 3, 6, 6, 1.8333333333333333, 1, 4, 4, 3.46
10, 0.4, 4, 5, 6, 4.944444444444446, 1, 3, 3, 3.0949999999999998
2, 1.0, 1, 1, 1, 1.0, 1, 1, 1, 3.99
12, 0.36363636363636365, 6, 6, 7, 6.666666666666668, 1, 4, 4, 2.9999999999999996
2, 1.0, 1, 1, 1, 1.0, 1, 1, 1, 3.58
12, 0.25, 7, 5, 5, 11.030303030303031, 1, 2, 2, 2.799166666666667
4, 1.0, 1, 3, 3, 1.0, 3, 3, 3, 3.3899999999999997
6, 0.8666666666666667, 2, 5, 5, 1.3076923076923077, 2, 4, 4, 3.0066666666666664
